[38;2;0;0;0m[48;2;0;0;0m▀[38;2;0;0;0m[48;2;0;0;0m▀[38;2;0;0;0m[48;2;0;0;0m▀[38;2;0;0;0m[48;2;0;0;0m▀[38;2;0;0;0m[48;2;0;0;0m▀[38;2;0;0;0m[48;2;0;0;0m▀[38;2;0;0;0m[48;2;0;0;0m▀[38;2;0;0;0m[48;2;0;0;0m▀[38;2;3;1;0m[48;2;0;0;0m▀[38;2;2;1;0m[48;2;0;0;0m▀[38;2;0;0;0m[48;2;0;0;0m▀[38;2;0;0;0m[48;2;0;0;0m▀[38;2;0;0;0m[48;2;0;0;0m▀[38;2;0;0;0m[48;2;0;0;0m▀[38;2;0;0;0m[48;2;0;0;0m▀[38;2;0;0;0m[48;2;0;0;0m▀[38;2;0;0;0m[48;2;0;0;0m▀[38;2;0;0;0m[48;2;0;0;0m▀[38;2;0;0;0m[48;2;0;0;0m▀[38;2;0;0;0m[48;2;0;0;0m▀[38;2;0;0;0m[48;2;0;0;0m▀[38;2;0;0;0m[48;2;0;0;0m▀[38;2;0;0;0m[48;2;0;0;0m▀[38;2;0;0;0m[48;2;0;0;0m▀[38;2;0;0;0m[48;2;0;0;0m▀[38;2;0;0;0m[48;2;0;0;0m▀[38;2;0;0;0m[48;2;0;0;0m▀[38;2;0;0;0m[48;2;0;0;0m▀[38;2;0;0;0m[48;2;0;0;0m▀[38;2;0;0;0m[48;2;0;0;0m▀[38;2;0;0;0m[48;2;0;0;0m▀[38;2;0;0;0m[48;2;0;0;0m▀[38;2;0;0;0m[48;2;0;0;0m▀[38;2;0;0;0m[48;2;0;0;0m▀[38;2;0;0;0m[48;2;0;0;0m▀[38;2;0;0;0m[48;2;0;0;0m▀[38;2;0;0;0m[48;2;0;0;0m▀[38;2;0;0;0m[48;2;0;0;0m▀[38;2;0;0;0m[48;2;0;0;0m▀[38;2;0;0;0m[48;2;0;0;0m▀[38;2;0;0;0m[48;2;0;0;0m▀[38;2;0;0;0m[48;2;0;0;0m▀[38;2;0;0;0m[48;2;0;0;0m▀[38;2;0;0;0m[48;2;0;0;0m▀[38;2;0;0;0m[48;2;0;0;0m▀[38;2;0;0;0m[48;2;0;0;0m▀[38;2;0;0;0m[48;2;0;0;0m▀[38;2;0;0;0m[48;2;0;0;0m▀[38;2;0;0;0m[48;2;0;0;0m▀[38;2;0;0;0m[48;2;0;0;0m▀[38;2;0;0;0m[48;2;0;0;0m▀[38;2;0;0;0m[48;2;0;0;0m▀[38;2;0;0;0m[48;2;0;0;0m▀[38;2;0;0;0m[48;2;0;0;0m▀[38;2;0;0;0m[48;2;0;0;0m▀[38;2;0;0;0m[48;2;0;0;0m▀[38;2;0;0;0m[48;2;0;0;0m▀[38;2;0;0;0m[48;2;0;0;0m▀[38;2;0;0;0m[48;2;0;0;0m▀[38;2;0;0;0m[48;2;0;0;0m▀[38;2;0;0;0m[48;2;0;0;0m▀[38;2;0;0;0m[48;2;0;0;0m▀[38;2;0;0;0m[48;2;0;0;0m▀[38;2;0;0;0m[48;2;0;0;0m▀[38;2;0;0;0m[48;2;0;0;0m▀[38;2;0;0;0m[48;2;0;0;0m▀[38;2;0;0;0m[48;2;0;0;0m▀[38;2;0;0;0m[48;2;0;0;0m▀[38;2;0;0;0m[48;2;0;0;0m▀[38;2;0;0;0m[48;2;0;0;0m▀[38;2;0;0;0m[48;2;0;0;0m▀[38;2;0;0;0m[48;2;0;0;0m▀[38;2;0;0;0m[48;2;0;0;0m▀[38;2;0;0;0m[48;2;0;0;0m▀[38;2;0;0;0m[48;2;0;0;0m▀[38;2;0;0;0m[48;2;0;0;0m▀[38;2;0;0;0m[48;2;0;0;0m▀[38;2;0;0;0m[48;2;0;0;0m▀[38;2;0;0;0m[48;2;0;0;0m▀[38;2;0;0;0m[48;2;0;0;0m▀[0m
[38;2;0;0;0m[48;2;0;0;0m▀[38;2;0;0;0m[48;2;0;0;0m▀[38;2;0;0;0m[48;2;0;0;0m▀[38;2;0;0;0m[48;2;0;0;0m▀[38;2;0;0;0m[48;2;0;0;0m▀[38;2;0;0;0m[48;2;0;0;0m▀[38;2;0;0;0m[48;2;0;0;0m▀[38;2;0;0;0m[48;2;0;0;0m▀[38;2;0;0;0m[48;2;0;0;0m▀[38;2;0;0;0m[48;2;0;0;0m▀[38;2;0;0;0m[48;2;0;0;0m▀[38;2;0;0;0m[48;2;0;0;0m▀[38;2;0;0;0m[48;2;0;0;0m▀[38;2;0;0;0m[48;2;0;0;0m▀[38;2;0;0;0m[48;2;0;0;0m▀[38;2;0;0;0m[48;2;0;0;0m▀[38;2;0;0;0m[48;2;0;0;0m▀[38;2;0;0;0m[48;2;0;0;0m▀[38;2;0;0;0m[48;2;0;0;0m▀[38;2;0;0;0m[48;2;0;0;0m▀[38;2;0;0;0m[48;2;0;0;0m▀[38;2;0;0;0m[48;2;0;0;0m▀[38;2;0;0;0m[48;2;0;0;0m▀[38;2;0;0;0m[48;2;0;0;0m▀[38;2;0;0;0m[48;2;0;0;0m▀[38;2;0;0;0m[48;2;0;0;0m▀[38;2;0;0;0m[48;2;0;0;0m▀[38;2;0;0;0m[48;2;0;0;0m▀[38;2;0;0;0m[48;2;0;0;0m▀[38;2;0;0;0m[48;2;0;0;0m▀[38;2;0;0;0m[48;2;0;0;0m▀[38;2;0;0;0m[48;2;0;0;0m▀[38;2;0;0;0m[48;2;0;0;0m▀[38;2;0;0;0m[48;2;0;0;0m▀[38;2;0;0;0m[48;2;0;0;0m▀[38;2;0;0;0m[48;2;0;0;0m▀[38;2;0;0;0m[48;2;0;0;0m▀[38;2;0;0;0m[48;2;0;0;0m▀[38;2;0;0;0m[48;2;0;0;0m▀[38;2;0;0;0m[48;2;0;0;0m▀[38;2;0;0;0m[48;2;0;0;0m▀[38;2;0;0;0m[48;2;0;0;0m▀[38;2;0;0;0m[48;2;0;0;0m▀[38;2;0;0;0m[48;2;0;0;0m▀[38;2;0;0;0m[48;2;0;0;0m▀[38;2;0;0;0m[48;2;0;0;0m▀[38;2;0;0;0m[48;2;0;0;0m▀[38;2;0;0;0m[48;2;0;0;0m▀[38;2;0;0;0m[48;2;0;0;0m▀[38;2;0;0;0m[48;2;0;0;0m▀[38;2;0;0;0m[48;2;0;0;0m▀[38;2;0;0;0m[48;2;0;0;0m▀[38;2;0;0;0m[48;2;0;0;0m▀[38;2;0;0;0m[48;2;0;0;0m▀[38;2;0;0;0m[48;2;0;0;0m▀[38;2;0;0;0m[48;2;0;0;0m▀[38;2;0;0;0m[48;2;0;0;0m▀[38;2;0;0;0m[48;2;0;0;0m▀[38;2;0;0;0m[48;2;0;0;0m▀[38;2;0;0;0m[48;2;0;0;0m▀[38;2;0;0;0m[48;2;0;0;0m▀[38;2;0;0;0m[48;2;0;0;0m▀[38;2;0;0;0m[48;2;0;0;0m▀[38;2;0;0;0m[48;2;0;0;0m▀[38;2;0;0;0m[48;2;0;0;0m▀[38;2;0;0;0m[48;2;0;0;0m▀[38;2;0;0;0m[48;2;0;0;0m▀[38;2;0;0;0m[48;2;0;0;0m▀[38;2;0;0;0m[48;2;0;0;0m▀[38;2;0;0;0m[48;2;0;0;0m▀[38;2;0;0;0m[48;2;0;0;0m▀[38;2;0;0;0m[48;2;0;0;0m▀[38;2;0;0;0m[48;2;0;0;0m▀[38;2;0;0;0m[48;2;0;0;0m▀[38;2;0;0;0m[48;2;0;0;0m▀[38;2;0;0;0m[48;2;0;0;0m▀[38;2;0;0;0m[48;2;0;0;0m▀[38;2;0;0;0m[48;2;0;0;0m▀[38;2;0;0;0m[48;2;0;0;0m▀[38;2;0;0;0m[48;2;0;0;0m▀[0m
[38;2;0;0;0m[48;2;0;0;0m▀[38;2;0;0;0m[48;2;0;0;0m▀[38;2;0;0;0m[48;2;0;0;0m▀[38;2;0;0;0m[48;2;0;0;0m▀[38;2;0;0;0m[48;2;0;0;0m▀[38;2;0;0;0m[48;2;0;0;0m▀[38;2;0;0;0m[48;2;0;0;0m▀[38;2;0;0;0m[48;2;0;0;0m▀[38;2;0;0;0m[48;2;0;0;0m▀[38;2;0;0;0m[48;2;0;0;0m▀[38;2;0;0;0m[48;2;0;0;0m▀[38;2;0;0;0m[48;2;0;0;0m▀[38;2;0;0;0m[48;2;0;0;0m▀[38;2;0;0;0m[48;2;0;0;0m▀[38;2;0;0;0m[48;2;0;0;0m▀[38;2;0;0;0m[48;2;0;0;0m▀[38;2;0;0;0m[48;2;0;0;0m▀[38;2;0;0;0m[48;2;0;0;0m▀[38;2;0;0;0m[48;2;0;0;0m▀[38;2;0;0;0m[48;2;0;0;0m▀[38;2;0;0;0m[48;2;0;0;0m▀[38;2;0;0;0m[48;2;0;0;0m▀[38;2;0;0;0m[48;2;0;0;0m▀[38;2;0;0;0m[48;2;0;0;0m▀[38;2;0;0;0m[48;2;0;0;0m▀[38;2;0;0;0m[48;2;0;0;0m▀[38;2;0;0;0m[48;2;0;0;0m▀[38;2;0;0;0m[48;2;0;0;0m▀[38;2;0;0;0m[48;2;0;0;0m▀[38;2;0;0;0m[48;2;0;0;0m▀[38;2;0;0;0m[48;2;0;0;0m▀[38;2;0;0;0m[48;2;0;0;0m▀[38;2;0;0;0m[48;2;0;0;0m▀[38;2;0;0;0m[48;2;0;0;0m▀[38;2;0;0;0m[48;2;0;0;0m▀[38;2;0;0;0m[48;2;0;0;0m▀[38;2;0;0;0m[48;2;0;0;0m▀[38;2;0;0;0m[48;2;0;0;0m▀[38;2;0;0;0m[48;2;0;0;0m▀[38;2;0;0;0m[48;2;0;0;0m▀[38;2;0;0;0m[48;2;0;0;0m▀[38;2;0;0;0m[48;2;0;0;0m▀[38;2;0;0;0m[48;2;0;0;0m▀[38;2;0;0;0m[48;2;0;0;0m▀[38;2;0;0;0m[48;2;0;0;0m▀[38;2;0;0;0m[48;2;0;0;0m▀[38;2;0;0;0m[48;2;0;0;0m▀[38;2;0;0;0m[48;2;0;0;0m▀[38;2;0;0;0m[48;2;0;0;0m▀[38;2;0;0;0m[48;2;0;0;0m▀[38;2;0;0;0m[48;2;0;0;0m▀[38;2;0;0;0m[48;2;0;0;0m▀[38;2;0;0;0m[48;2;0;0;0m▀[38;2;0;0;0m[48;2;0;0;0m▀[38;2;0;0;0m[48;2;0;0;0m▀[38;2;0;0;0m[48;2;0;0;0m▀[38;2;0;0;0m[48;2;0;0;0m▀[38;2;0;0;0m[48;2;0;0;0m▀[38;2;0;0;0m[48;2;0;0;0m▀[38;2;0;0;0m[48;2;0;0;0m▀[38;2;0;0;0m[48;2;0;0;0m▀[38;2;0;0;0m[48;2;0;0;0m▀[38;2;0;0;0m[48;2;0;0;0m▀[38;2;0;0;0m[48;2;0;0;0m▀[38;2;0;0;0m[48;2;0;0;0m▀[38;2;0;0;0m[48;2;0;0;0m▀[38;2;0;0;0m[48;2;0;0;0m▀[38;2;0;0;0m[48;2;0;0;0m▀[38;2;0;0;0m[48;2;0;0;0m▀[38;2;0;0;0m[48;2;0;0;0m▀[38;2;0;0;0m[48;2;0;0;0m▀[38;2;0;0;0m[48;2;0;0;0m▀[38;2;0;0;0m[48;2;0;0;0m▀[38;2;0;0;0m[48;2;0;0;0m▀[38;2;0;0;0m[48;2;0;0;0m▀[38;2;0;0;0m[48;2;0;0;0m▀[38;2;0;0;0m[48;2;0;0;0m▀[38;2;0;0;0m[48;2;0;0;0m▀[38;2;0;0;0m[48;2;0;0;0m▀[38;2;0;0;0m[48;2;0;0;0m▀[0m
[38;2;0;0;0m[48;2;0;0;0m▀[38;2;0;0;0m[48;2;0;0;0m▀[38;2;0;0;0m[48;2;0;0;0m▀[38;2;0;0;0m[48;2;0;0;0m▀[38;2;0;0;0m[48;2;0;0;0m▀[38;2;0;0;0m[48;2;0;0;0m▀[38;2;0;0;0m[48;2;0;0;0m▀[38;2;0;0;0m[48;2;0;0;0m▀[38;2;0;0;0m[48;2;0;0;0m▀[38;2;0;0;0m[48;2;0;0;0m▀[38;2;0;0;0m[48;2;0;0;0m▀[38;2;0;0;0m[48;2;0;0;0m▀[38;2;0;0;0m[48;2;0;0;0m▀[38;2;0;0;0m[48;2;0;0;0m▀[38;2;0;0;0m[48;2;0;0;0m▀[38;2;0;0;0m[48;2;0;0;0m▀[38;2;0;0;0m[48;2;0;0;0m▀[38;2;0;0;0m[48;2;0;0;0m▀[38;2;0;0;0m[48;2;0;0;0m▀[38;2;0;0;0m[48;2;0;0;0m▀[38;2;0;0;0m[48;2;0;0;0m▀[38;2;0;0;0m[48;2;0;0;0m▀[38;2;0;0;0m[48;2;0;0;0m▀[38;2;0;0;0m[48;2;0;0;0m▀[38;2;0;0;0m[48;2;0;0;0m▀[38;2;0;0;0m[48;2;0;0;0m▀[38;2;0;0;0m[48;2;0;0;0m▀[38;2;0;0;0m[48;2;0;0;0m▀[38;2;0;0;0m[48;2;0;0;0m▀[38;2;0;0;0m[48;2;0;0;0m▀[38;2;0;0;0m[48;2;0;0;0m▀[38;2;0;0;0m[48;2;0;0;0m▀[38;2;0;0;0m[48;2;0;0;0m▀[38;2;0;0;0m[48;2;0;0;0m▀[38;2;0;0;0m[48;2;0;0;0m▀[38;2;0;0;0m[48;2;0;0;0m▀[38;2;0;0;0m[48;2;0;0;0m▀[38;2;0;0;0m[48;2;0;0;0m▀[38;2;0;0;0m[48;2;0;0;0m▀[38;2;0;0;0m[48;2;0;0;0m▀[38;2;0;0;0m[48;2;0;0;0m▀[38;2;0;0;0m[48;2;0;0;0m▀[38;2;0;0;0m[48;2;0;0;0m▀[38;2;0;0;0m[48;2;0;0;0m▀[38;2;0;0;0m[48;2;0;0;0m▀[38;2;0;0;0m[48;2;0;0;0m▀[38;2;0;0;0m[48;2;0;0;0m▀[38;2;0;0;0m[48;2;0;0;0m▀[38;2;0;0;0m[48;2;0;0;0m▀[38;2;0;0;0m[48;2;0;0;0m▀[38;2;0;0;0m[48;2;0;0;0m▀[38;2;0;0;0m[48;2;0;0;0m▀[38;2;0;0;0m[48;2;0;0;0m▀[38;2;0;0;0m[48;2;0;0;0m▀[38;2;0;0;0m[48;2;0;0;0m▀[38;2;0;0;0m[48;2;0;0;0m▀[38;2;0;0;0m[48;2;0;0;0m▀[38;2;0;0;0m[48;2;0;0;0m▀[38;2;0;0;0m[48;2;0;0;0m▀[38;2;0;0;0m[48;2;0;0;0m▀[38;2;0;0;0m[48;2;0;0;0m▀[38;2;0;0;0m[48;2;0;0;0m▀[38;2;0;0;0m[48;2;0;0;0m▀[38;2;0;0;0m[48;2;0;0;0m▀[38;2;0;0;0m[48;2;0;0;0m▀[38;2;0;0;0m[48;2;0;0;0m▀[38;2;0;0;0m[48;2;0;0;0m▀[38;2;0;0;0m[48;2;0;0;0m▀[38;2;0;0;0m[48;2;0;0;0m▀[38;2;0;0;0m[48;2;0;0;0m▀[38;2;0;0;0m[48;2;0;0;0m▀[38;2;0;0;0m[48;2;0;0;0m▀[38;2;0;0;0m[48;2;0;0;0m▀[38;2;0;0;0m[48;2;0;0;0m▀[38;2;0;0;0m[48;2;0;0;0m▀[38;2;0;0;0m[48;2;0;0;0m▀[38;2;0;0;0m[48;2;0;0;0m▀[38;2;0;0;0m[48;2;0;0;0m▀[38;2;0;0;0m[48;2;0;0;0m▀[38;2;0;0;0m[48;2;0;0;0m▀[0m
[38;2;0;0;0m[48;2;0;0;0m▀[38;2;0;0;0m[48;2;0;0;0m▀[38;2;0;0;0m[48;2;0;0;0m▀[38;2;0;0;0m[48;2;0;0;0m▀[38;2;0;0;0m[48;2;0;0;0m▀[38;2;0;0;0m[48;2;0;0;0m▀[38;2;0;0;0m[48;2;0;0;0m▀[38;2;0;0;0m[48;2;0;0;0m▀[38;2;0;0;0m[48;2;0;0;0m▀[38;2;0;0;0m[48;2;0;0;0m▀[38;2;0;0;0m[48;2;0;0;0m▀[38;2;0;0;0m[48;2;0;0;0m▀[38;2;0;0;0m[48;2;0;0;0m▀[38;2;0;0;0m[48;2;0;0;0m▀[38;2;0;0;0m[48;2;0;0;0m▀[38;2;0;0;0m[48;2;0;0;0m▀[38;2;0;0;0m[48;2;0;0;0m▀[38;2;0;0;0m[48;2;0;0;0m▀[38;2;0;0;0m[48;2;0;0;0m▀[38;2;0;0;0m[48;2;0;0;0m▀[38;2;0;0;0m[48;2;0;0;0m▀[38;2;0;0;0m[48;2;0;0;0m▀[38;2;0;0;0m[48;2;0;0;0m▀[38;2;0;0;0m[48;2;0;0;0m▀[38;2;0;0;0m[48;2;0;0;0m▀[38;2;0;0;0m[48;2;0;0;0m▀[38;2;0;0;0m[48;2;0;0;0m▀[38;2;0;0;0m[48;2;0;0;0m▀[38;2;0;0;0m[48;2;0;0;0m▀[38;2;0;0;0m[48;2;0;0;0m▀[38;2;0;0;0m[48;2;0;0;0m▀[38;2;0;0;0m[48;2;0;0;0m▀[38;2;0;0;0m[48;2;0;0;0m▀[38;2;0;0;0m[48;2;0;0;0m▀[38;2;0;0;0m[48;2;0;0;0m▀[38;2;0;0;0m[48;2;0;0;0m▀[38;2;0;0;0m[48;2;0;0;0m▀[38;2;0;0;0m[48;2;0;0;0m▀[38;2;0;0;0m[48;2;0;0;0m▀[38;2;0;0;0m[48;2;0;0;0m▀[38;2;0;0;0m[48;2;0;0;0m▀[38;2;0;0;0m[48;2;0;0;0m▀[38;2;0;0;0m[48;2;0;0;0m▀[38;2;0;0;0m[48;2;0;0;0m▀[38;2;0;0;0m[48;2;0;0;0m▀[38;2;0;0;0m[48;2;0;0;0m▀[38;2;0;0;0m[48;2;0;0;0m▀[38;2;0;0;0m[48;2;0;0;0m▀[38;2;0;0;0m[48;2;0;0;0m▀[38;2;0;0;0m[48;2;0;0;0m▀[38;2;0;0;0m[48;2;0;0;0m▀[38;2;0;0;0m[48;2;0;0;0m▀[38;2;0;0;0m[48;2;0;0;0m▀[38;2;0;0;0m[48;2;0;0;0m▀[38;2;0;0;0m[48;2;0;0;0m▀[38;2;0;0;0m[48;2;0;0;0m▀[38;2;0;0;0m[48;2;0;0;0m▀[38;2;0;0;0m[48;2;0;0;0m▀[38;2;0;0;0m[48;2;0;0;0m▀[38;2;0;0;0m[48;2;0;0;0m▀[38;2;0;0;0m[48;2;0;0;0m▀[38;2;0;0;0m[48;2;0;0;0m▀[38;2;0;0;0m[48;2;0;0;0m▀[38;2;0;0;0m[48;2;0;0;0m▀[38;2;0;0;0m[48;2;0;0;0m▀[38;2;0;0;0m[48;2;0;0;0m▀[38;2;0;0;0m[48;2;0;0;0m▀[38;2;0;0;0m[48;2;0;0;0m▀[38;2;0;0;0m[48;2;0;0;0m▀[38;2;0;0;0m[48;2;0;0;0m▀[38;2;0;0;0m[48;2;0;0;0m▀[38;2;0;0;0m[48;2;0;0;0m▀[38;2;0;0;0m[48;2;0;0;0m▀[38;2;0;0;0m[48;2;0;0;0m▀[38;2;0;0;0m[48;2;0;0;0m▀[38;2;0;0;0m[48;2;0;0;0m▀[38;2;0;0;0m[48;2;0;0;0m▀[38;2;0;0;0m[48;2;0;0;0m▀[38;2;0;0;0m[48;2;0;0;0m▀[38;2;0;0;0m[48;2;0;0;0m▀[0m
[38;2;0;0;0m[48;2;0;0;0m▀[38;2;0;0;0m[48;2;0;0;0m▀[38;2;0;0;0m[48;2;0;0;0m▀[38;2;0;0;0m[48;2;0;0;0m▀[38;2;0;0;0m[48;2;0;0;0m▀[38;2;0;0;0m[48;2;0;0;0m▀[38;2;0;0;0m[48;2;0;0;0m▀[38;2;0;0;0m[48;2;0;0;0m▀[38;2;0;0;0m[48;2;0;0;0m▀[38;2;0;0;0m[48;2;0;0;0m▀[38;2;0;0;0m[48;2;0;0;0m▀[38;2;0;0;0m[48;2;0;0;0m▀[38;2;0;0;0m[48;2;0;0;0m▀[38;2;0;0;0m[48;2;0;0;0m▀[38;2;0;0;0m[48;2;0;0;0m▀[38;2;0;0;0m[48;2;0;0;0m▀[38;2;0;0;0m[48;2;0;0;0m▀[38;2;0;0;0m[48;2;0;0;0m▀[38;2;0;0;0m[48;2;0;0;0m▀[38;2;0;0;0m[48;2;0;0;0m▀[38;2;0;0;0m[48;2;0;0;0m▀[38;2;0;0;0m[48;2;0;0;0m▀[38;2;0;0;0m[48;2;0;0;0m▀[38;2;0;0;0m[48;2;0;0;0m▀[38;2;0;0;0m[48;2;0;0;0m▀[38;2;0;0;0m[48;2;0;0;0m▀[38;2;0;0;0m[48;2;0;0;0m▀[38;2;0;0;0m[48;2;0;0;0m▀[38;2;0;0;0m[48;2;0;0;0m▀[38;2;0;0;0m[48;2;0;0;0m▀[38;2;0;0;0m[48;2;0;0;0m▀[38;2;0;0;0m[48;2;0;0;0m▀[38;2;0;0;0m[48;2;0;0;0m▀[38;2;0;0;0m[48;2;0;0;0m▀[38;2;0;0;0m[48;2;0;0;0m▀[38;2;0;0;0m[48;2;0;0;0m▀[38;2;0;0;0m[48;2;0;0;0m▀[38;2;0;0;0m[48;2;0;0;0m▀[38;2;0;0;0m[48;2;0;0;0m▀[38;2;0;0;0m[48;2;0;0;0m▀[38;2;0;0;0m[48;2;0;0;0m▀[38;2;0;0;0m[48;2;0;0;0m▀[38;2;0;0;0m[48;2;0;0;0m▀[38;2;0;0;0m[48;2;0;0;0m▀[38;2;0;0;0m[48;2;0;0;0m▀[38;2;0;0;0m[48;2;0;0;0m▀[38;2;0;0;0m[48;2;0;0;0m▀[38;2;0;0;0m[48;2;0;0;0m▀[38;2;0;0;0m[48;2;0;0;0m▀[38;2;0;0;0m[48;2;0;0;0m▀[38;2;0;0;0m[48;2;0;0;0m▀[38;2;0;0;0m[48;2;0;0;0m▀[38;2;0;0;0m[48;2;0;0;0m▀[38;2;0;0;0m[48;2;0;0;0m▀[38;2;0;0;0m[48;2;0;0;0m▀[38;2;0;0;0m[48;2;0;0;0m▀[38;2;0;0;0m[48;2;0;0;0m▀[38;2;0;0;0m[48;2;0;0;0m▀[38;2;0;0;0m[48;2;0;0;0m▀[38;2;0;0;0m[48;2;0;0;0m▀[38;2;0;0;0m[48;2;0;0;0m▀[38;2;0;0;0m[48;2;0;0;0m▀[38;2;0;0;0m[48;2;0;0;0m▀[38;2;0;0;0m[48;2;0;0;0m▀[38;2;0;0;0m[48;2;0;0;0m▀[38;2;0;0;0m[48;2;0;0;0m▀[38;2;0;0;0m[48;2;0;0;0m▀[38;2;0;0;0m[48;2;0;0;0m▀[38;2;0;0;0m[48;2;0;0;0m▀[38;2;0;0;0m[48;2;0;0;0m▀[38;2;0;0;0m[48;2;0;0;0m▀[38;2;0;0;0m[48;2;0;0;0m▀[38;2;0;0;0m[48;2;0;0;0m▀[38;2;0;0;0m[48;2;0;0;0m▀[38;2;0;0;0m[48;2;0;0;0m▀[38;2;0;0;0m[48;2;0;0;0m▀[38;2;0;0;0m[48;2;0;0;0m▀[38;2;0;0;0m[48;2;0;0;0m▀[38;2;0;0;0m[48;2;0;0;0m▀[38;2;0;0;0m[48;2;0;0;0m▀[0m
[38;2;0;0;0m[48;2;0;0;0m▀[38;2;0;0;0m[48;2;0;0;0m▀[38;2;0;0;0m[48;2;0;0;0m▀[38;2;0;0;0m[48;2;0;0;0m▀[38;2;0;0;0m[48;2;0;0;0m▀[38;2;0;0;0m[48;2;0;0;0m▀[38;2;0;0;0m[48;2;0;0;0m▀[38;2;0;0;0m[48;2;0;0;0m▀[38;2;0;0;0m[48;2;0;0;0m▀[38;2;0;0;0m[48;2;0;0;0m▀[38;2;0;0;0m[48;2;0;0;0m▀[38;2;0;0;0m[48;2;0;0;0m▀[38;2;0;0;0m[48;2;0;0;0m▀[38;2;0;0;0m[48;2;0;0;0m▀[38;2;0;0;0m[48;2;0;0;0m▀[38;2;0;0;0m[48;2;0;0;0m▀[38;2;0;0;0m[48;2;0;0;0m▀[38;2;0;0;0m[48;2;0;0;0m▀[38;2;0;0;0m[48;2;0;0;0m▀[38;2;0;0;0m[48;2;0;0;0m▀[38;2;0;0;0m[48;2;0;0;0m▀[38;2;0;0;0m[48;2;0;0;0m▀[38;2;0;0;0m[48;2;0;0;0m▀[38;2;0;0;0m[48;2;0;0;0m▀[38;2;0;0;0m[48;2;0;0;0m▀[38;2;0;0;0m[48;2;0;0;0m▀[38;2;0;0;0m[48;2;0;0;0m▀[38;2;0;0;0m[48;2;0;0;0m▀[38;2;0;0;0m[48;2;0;0;0m▀[38;2;0;0;0m[48;2;0;0;0m▀[38;2;0;0;0m[48;2;0;0;0m▀[38;2;0;0;0m[48;2;0;0;0m▀[38;2;0;0;0m[48;2;0;0;0m▀[38;2;0;0;0m[48;2;0;0;0m▀[38;2;0;0;0m[48;2;0;0;0m▀[38;2;0;0;0m[48;2;0;0;0m▀[38;2;0;0;0m[48;2;0;0;0m▀[38;2;0;0;0m[48;2;0;0;0m▀[38;2;0;0;0m[48;2;0;0;0m▀[38;2;0;0;0m[48;2;0;0;0m▀[38;2;0;0;0m[48;2;0;0;0m▀[38;2;0;0;0m[48;2;0;0;0m▀[38;2;0;0;0m[48;2;0;0;0m▀[38;2;0;0;0m[48;2;0;0;0m▀[38;2;0;0;0m[48;2;0;0;0m▀[38;2;0;0;0m[48;2;0;0;0m▀[38;2;0;0;0m[48;2;0;0;0m▀[38;2;0;0;0m[48;2;0;0;0m▀[38;2;0;0;0m[48;2;0;0;0m▀[38;2;0;0;0m[48;2;0;0;0m▀[38;2;0;0;0m[48;2;0;0;0m▀[38;2;0;0;0m[48;2;0;0;0m▀[38;2;0;0;0m[48;2;0;0;0m▀[38;2;0;0;0m[48;2;0;0;0m▀[38;2;0;0;0m[48;2;0;0;0m▀[38;2;0;0;0m[48;2;0;0;0m▀[38;2;0;0;0m[48;2;0;0;0m▀[38;2;0;0;0m[48;2;0;0;0m▀[38;2;0;0;0m[48;2;0;0;0m▀[38;2;0;0;0m[48;2;0;0;0m▀[38;2;0;0;0m[48;2;0;0;0m▀[38;2;0;0;0m[48;2;0;0;0m▀[38;2;0;0;0m[48;2;0;0;0m▀[38;2;0;0;0m[48;2;0;0;0m▀[38;2;0;0;0m[48;2;0;0;0m▀[38;2;0;0;0m[48;2;0;0;0m▀[38;2;0;0;0m[48;2;0;0;0m▀[38;2;0;0;0m[48;2;0;0;0m▀[38;2;0;0;0m[48;2;0;0;0m▀[38;2;0;0;0m[48;2;0;0;0m▀[38;2;0;0;0m[48;2;0;0;0m▀[38;2;0;0;0m[48;2;0;0;0m▀[38;2;0;0;0m[48;2;0;0;0m▀[38;2;0;0;0m[48;2;0;0;0m▀[38;2;0;0;0m[48;2;0;0;0m▀[38;2;0;0;0m[48;2;0;0;0m▀[38;2;0;0;0m[48;2;0;0;0m▀[38;2;0;0;0m[48;2;0;0;0m▀[38;2;0;0;0m[48;2;0;0;0m▀[38;2;0;0;0m[48;2;0;0;0m▀[0m
[38;2;0;0;0m[48;2;0;0;0m▀[38;2;0;0;0m[48;2;0;0;0m▀[38;2;0;0;0m[48;2;0;0;0m▀[38;2;0;0;0m[48;2;0;0;0m▀[38;2;0;0;0m[48;2;0;0;0m▀[38;2;0;0;0m[48;2;0;0;0m▀[38;2;0;0;0m[48;2;0;0;0m▀[38;2;0;0;0m[48;2;0;0;0m▀[38;2;0;0;0m[48;2;0;0;0m▀[38;2;0;0;0m[48;2;0;0;0m▀[38;2;0;0;0m[48;2;0;0;0m▀[38;2;0;0;0m[48;2;0;0;0m▀[38;2;0;0;0m[48;2;0;0;0m▀[38;2;0;0;0m[48;2;0;0;0m▀[38;2;0;0;0m[48;2;0;0;0m▀[38;2;0;0;0m[48;2;0;0;0m▀[38;2;0;0;0m[48;2;0;0;0m▀[38;2;0;0;0m[48;2;0;0;0m▀[38;2;0;0;0m[48;2;0;0;0m▀[38;2;0;0;0m[48;2;0;0;0m▀[38;2;0;0;0m[48;2;0;0;0m▀[38;2;0;0;0m[48;2;0;0;0m▀[38;2;0;0;0m[48;2;0;0;0m▀[38;2;0;0;0m[48;2;0;0;0m▀[38;2;0;0;0m[48;2;0;0;0m▀[38;2;0;0;0m[48;2;0;0;0m▀[38;2;0;0;0m[48;2;0;0;0m▀[38;2;0;0;0m[48;2;0;0;0m▀[38;2;0;0;0m[48;2;0;0;1m▀[38;2;0;0;0m[48;2;0;0;1m▀[38;2;0;0;0m[48;2;0;0;0m▀[38;2;0;0;0m[48;2;0;0;0m▀[38;2;0;0;0m[48;2;0;0;0m▀[38;2;0;0;0m[48;2;0;0;0m▀[38;2;0;0;0m[48;2;0;0;0m▀[38;2;0;0;0m[48;2;0;0;0m▀[38;2;0;0;0m[48;2;0;0;0m▀[38;2;0;0;0m[48;2;0;0;0m▀[38;2;0;0;0m[48;2;0;0;0m▀[38;2;0;0;0m[48;2;0;0;0m▀[38;2;0;0;0m[48;2;0;0;0m▀[38;2;0;0;0m[48;2;0;0;0m▀[38;2;0;0;0m[48;2;0;0;0m▀[38;2;0;0;0m[48;2;0;0;0m▀[38;2;0;0;0m[48;2;0;0;0m▀[38;2;0;0;0m[48;2;0;0;0m▀[38;2;0;0;0m[48;2;0;0;0m▀[38;2;0;0;0m[48;2;0;0;0m▀[38;2;0;0;0m[48;2;0;0;0m▀[38;2;0;0;0m[48;2;0;0;0m▀[38;2;0;0;0m[48;2;0;0;0m▀[38;2;0;0;0m[48;2;0;0;0m▀[38;2;0;0;0m[48;2;0;0;0m▀[38;2;0;0;0m[48;2;0;0;0m▀[38;2;0;0;0m[48;2;0;0;0m▀[38;2;0;0;0m[48;2;0;0;0m▀[38;2;0;0;0m[48;2;0;0;0m▀[38;2;0;0;0m[48;2;0;0;0m▀[38;2;0;0;0m[48;2;0;0;0m▀[38;2;0;0;0m[48;2;0;0;0m▀[38;2;0;0;0m[48;2;0;0;0m▀[38;2;0;0;0m[48;2;0;0;0m▀[38;2;0;0;0m[48;2;0;0;0m▀[38;2;0;0;0m[48;2;0;0;0m▀[38;2;0;0;0m[48;2;0;0;0m▀[38;2;0;0;0m[48;2;0;0;0m▀[38;2;0;0;0m[48;2;0;0;0m▀[38;2;0;0;0m[48;2;0;0;0m▀[38;2;0;0;0m[48;2;0;0;0m▀[38;2;0;0;0m[48;2;0;0;0m▀[38;2;0;0;0m[48;2;0;0;0m▀[38;2;0;0;0m[48;2;0;0;0m▀[38;2;0;0;0m[48;2;0;0;0m▀[38;2;0;0;0m[48;2;0;0;0m▀[38;2;0;0;0m[48;2;0;0;0m▀[38;2;0;0;0m[48;2;0;0;0m▀[38;2;0;0;0m[48;2;0;0;0m▀[38;2;0;0;0m[48;2;0;0;0m▀[38;2;0;0;0m[48;2;0;0;0m▀[38;2;0;0;0m[48;2;0;0;0m▀[0m
[38;2;0;0;0m[48;2;0;0;0m▀[38;2;0;0;0m[48;2;0;0;0m▀[38;2;0;0;0m[48;2;0;0;0m▀[38;2;0;0;0m[48;2;0;0;0m▀[38;2;0;0;0m[48;2;0;0;0m▀[38;2;0;0;0m[48;2;0;0;0m▀[38;2;0;0;0m[48;2;0;0;0m▀[38;2;0;0;0m[48;2;0;0;0m▀[38;2;0;0;0m[48;2;0;0;0m▀[38;2;0;0;0m[48;2;0;0;0m▀[38;2;0;0;0m[48;2;0;0;0m▀[38;2;0;0;0m[48;2;0;0;0m▀[38;2;0;0;0m[48;2;0;0;0m▀[38;2;0;0;0m[48;2;0;0;0m▀[38;2;0;0;0m[48;2;0;0;0m▀[38;2;0;0;0m[48;2;0;0;0m▀[38;2;0;0;0m[48;2;0;0;0m▀[38;2;0;0;0m[48;2;0;0;0m▀[38;2;0;0;0m[48;2;0;0;0m▀[38;2;0;0;0m[48;2;0;0;0m▀[38;2;0;0;0m[48;2;0;0;0m▀[38;2;0;0;0m[48;2;0;0;0m▀[38;2;0;0;0m[48;2;0;0;0m▀[38;2;0;0;0m[48;2;0;0;0m▀[38;2;0;0;0m[48;2;0;0;0m▀[38;2;0;0;0m[48;2;0;0;0m▀[38;2;0;0;0m[48;2;0;0;0m▀[38;2;0;0;0m[48;2;0;0;0m▀[38;2;0;0;0m[48;2;0;0;0m▀[38;2;0;0;0m[48;2;0;0;0m▀[38;2;0;0;0m[48;2;0;0;0m▀[38;2;0;0;0m[48;2;0;0;0m▀[38;2;0;0;0m[48;2;0;0;0m▀[38;2;0;0;0m[48;2;0;0;0m▀[38;2;0;0;0m[48;2;0;0;0m▀[38;2;0;0;0m[48;2;0;0;0m▀[38;2;0;0;0m[48;2;0;0;0m▀[38;2;0;0;0m[48;2;0;0;0m▀[38;2;0;0;0m[48;2;0;0;0m▀[38;2;0;0;0m[48;2;0;0;0m▀[38;2;0;0;0m[48;2;0;0;0m▀[38;2;0;0;0m[48;2;0;0;0m▀[38;2;0;0;0m[48;2;0;0;0m▀[38;2;0;0;0m[48;2;0;0;0m▀[38;2;0;0;0m[48;2;0;0;0m▀[38;2;0;0;0m[48;2;0;0;0m▀[38;2;0;0;0m[48;2;0;0;0m▀[38;2;0;0;0m[48;2;0;0;0m▀[38;2;0;0;0m[48;2;0;0;0m▀[38;2;0;0;0m[48;2;0;0;0m▀[38;2;0;0;0m[48;2;0;0;0m▀[38;2;0;0;0m[48;2;0;0;0m▀[38;2;0;0;0m[48;2;0;0;0m▀[38;2;0;0;0m[48;2;0;0;0m▀[38;2;0;0;0m[48;2;0;0;0m▀[38;2;0;0;0m[48;2;0;0;0m▀[38;2;0;0;0m[48;2;0;0;0m▀[38;2;0;0;0m[48;2;0;0;0m▀[38;2;0;0;0m[48;2;0;0;0m▀[38;2;0;0;0m[48;2;0;0;0m▀[38;2;0;0;0m[48;2;0;0;0m▀[38;2;0;0;0m[48;2;0;0;0m▀[38;2;0;0;0m[48;2;0;0;0m▀[38;2;0;0;0m[48;2;0;0;0m▀[38;2;0;0;0m[48;2;0;0;0m▀[38;2;0;0;0m[48;2;0;0;0m▀[38;2;0;0;0m[48;2;0;0;0m▀[38;2;0;0;0m[48;2;0;0;0m▀[38;2;0;0;0m[48;2;0;0;0m▀[38;2;0;0;0m[48;2;0;0;0m▀[38;2;0;0;0m[48;2;0;0;0m▀[38;2;0;0;0m[48;2;0;0;0m▀[38;2;0;0;0m[48;2;0;0;0m▀[38;2;0;0;0m[48;2;0;0;0m▀[38;2;0;0;0m[48;2;0;0;0m▀[38;2;0;0;0m[48;2;0;0;0m▀[38;2;0;0;0m[48;2;0;0;0m▀[38;2;0;0;0m[48;2;0;0;0m▀[38;2;0;0;0m[48;2;0;0;0m▀[38;2;0;0;0m[48;2;0;0;0m▀[0m
[38;2;0;0;0m[48;2;0;0;0m▀[38;2;0;0;0m[48;2;0;0;0m▀[38;2;0;0;0m[48;2;0;0;0m▀[38;2;0;0;0m[48;2;0;0;0m▀[38;2;0;0;0m[48;2;0;0;0m▀[38;2;0;0;0m[48;2;0;0;0m▀[38;2;0;0;0m[48;2;0;0;0m▀[38;2;0;0;0m[48;2;0;0;0m▀[38;2;0;0;0m[48;2;0;0;0m▀[38;2;0;0;0m[48;2;0;0;0m▀[38;2;0;0;0m[48;2;0;0;0m▀[38;2;0;0;0m[48;2;0;0;0m▀[38;2;0;0;0m[48;2;0;0;0m▀[38;2;0;0;0m[48;2;0;0;0m▀[38;2;0;0;0m[48;2;0;0;0m▀[38;2;0;0;0m[48;2;0;0;0m▀[38;2;0;0;0m[48;2;0;0;0m▀[38;2;0;0;0m[48;2;0;0;0m▀[38;2;0;0;0m[48;2;0;0;0m▀[38;2;0;0;0m[48;2;0;0;0m▀[38;2;0;0;0m[48;2;0;0;0m▀[38;2;0;0;0m[48;2;0;0;0m▀[38;2;0;0;0m[48;2;0;0;0m▀[38;2;0;0;0m[48;2;0;0;0m▀[38;2;0;0;0m[48;2;0;0;0m▀[38;2;0;0;0m[48;2;0;0;0m▀[38;2;0;0;0m[48;2;0;0;0m▀[38;2;0;0;0m[48;2;0;0;0m▀[38;2;0;0;0m[48;2;0;0;0m▀[38;2;0;0;0m[48;2;0;0;0m▀[38;2;0;0;0m[48;2;0;0;0m▀[38;2;0;0;0m[48;2;0;0;0m▀[38;2;0;0;0m[48;2;0;0;0m▀[38;2;0;0;0m[48;2;0;0;0m▀[38;2;0;0;0m[48;2;0;0;0m▀[38;2;0;0;0m[48;2;0;0;0m▀[38;2;0;0;0m[48;2;0;0;0m▀[38;2;0;0;0m[48;2;0;0;0m▀[38;2;0;0;0m[48;2;0;0;0m▀[38;2;0;0;0m[48;2;0;0;0m▀[38;2;0;0;0m[48;2;0;0;0m▀[38;2;0;0;0m[48;2;0;0;0m▀[38;2;0;0;0m[48;2;0;0;0m▀[38;2;0;0;0m[48;2;0;0;0m▀[38;2;0;0;0m[48;2;0;0;0m▀[38;2;0;0;0m[48;2;0;0;0m▀[38;2;0;0;0m[48;2;0;0;0m▀[38;2;0;0;0m[48;2;0;0;0m▀[38;2;0;0;0m[48;2;0;0;1m▀[38;2;0;0;0m[48;2;0;0;1m▀[38;2;0;0;0m[48;2;0;0;0m▀[38;2;0;0;0m[48;2;0;0;1m▀[38;2;0;0;0m[48;2;0;0;1m▀[38;2;0;0;0m[48;2;0;0;1m▀[38;2;0;0;0m[48;2;0;0;1m▀[38;2;0;0;0m[48;2;0;0;0m▀[38;2;0;0;0m[48;2;0;0;0m▀[38;2;0;0;0m[48;2;0;0;0m▀[38;2;0;0;0m[48;2;0;0;0m▀[38;2;0;0;0m[48;2;0;0;0m▀[38;2;0;0;0m[48;2;0;0;0m▀[38;2;0;0;0m[48;2;0;0;0m▀[38;2;0;0;0m[48;2;0;0;0m▀[38;2;0;0;0m[48;2;0;0;0m▀[38;2;0;0;0m[48;2;0;0;0m▀[38;2;0;0;0m[48;2;0;0;0m▀[38;2;0;0;0m[48;2;0;0;0m▀[38;2;0;0;0m[48;2;0;0;0m▀[38;2;0;0;0m[48;2;0;0;0m▀[38;2;0;0;0m[48;2;0;0;0m▀[38;2;0;0;0m[48;2;0;0;0m▀[38;2;0;0;0m[48;2;0;0;0m▀[38;2;0;0;0m[48;2;0;0;0m▀[38;2;0;0;0m[48;2;0;0;0m▀[38;2;0;0;0m[48;2;0;0;0m▀[38;2;0;0;0m[48;2;0;0;0m▀[38;2;0;0;0m[48;2;0;0;0m▀[38;2;0;0;0m[48;2;0;0;0m▀[38;2;0;0;0m[48;2;0;0;0m▀[38;2;0;0;0m[48;2;0;0;0m▀[0m
[38;2;0;0;0m[48;2;0;0;0m▀[38;2;0;0;0m[48;2;0;0;0m▀[38;2;0;0;0m[48;2;0;0;0m▀[38;2;0;0;0m[48;2;0;0;0m▀[38;2;0;0;0m[48;2;0;0;0m▀[38;2;0;0;0m[48;2;0;0;0m▀[38;2;0;0;0m[48;2;0;0;0m▀[38;2;0;0;0m[48;2;0;0;0m▀[38;2;0;0;0m[48;2;0;0;0m▀[38;2;0;0;0m[48;2;0;0;0m▀[38;2;0;0;0m[48;2;0;0;0m▀[38;2;0;0;0m[48;2;0;0;0m▀[38;2;0;0;0m[48;2;0;0;0m▀[38;2;0;0;0m[48;2;0;0;0m▀[38;2;0;0;0m[48;2;0;0;0m▀[38;2;0;0;0m[48;2;0;0;0m▀[38;2;0;0;0m[48;2;0;0;0m▀[38;2;0;0;0m[48;2;0;0;0m▀[38;2;0;0;0m[48;2;0;0;0m▀[38;2;0;0;0m[48;2;0;0;0m▀[38;2;0;0;0m[48;2;0;0;0m▀[38;2;0;0;0m[48;2;0;0;0m▀[38;2;0;0;0m[48;2;0;0;0m▀[38;2;0;0;0m[48;2;0;0;0m▀[38;2;0;0;0m[48;2;0;0;0m▀[38;2;0;0;0m[48;2;0;0;0m▀[38;2;0;0;0m[48;2;0;0;0m▀[38;2;0;0;0m[48;2;0;0;0m▀[38;2;0;0;0m[48;2;0;0;0m▀[38;2;0;0;0m[48;2;0;0;0m▀[38;2;0;0;0m[48;2;0;0;0m▀[38;2;0;0;0m[48;2;0;0;0m▀[38;2;0;0;0m[48;2;0;0;0m▀[38;2;0;0;0m[48;2;0;0;0m▀[38;2;0;0;0m[48;2;0;0;0m▀[38;2;0;0;0m[48;2;0;0;0m▀[38;2;0;0;0m[48;2;0;0;0m▀[38;2;0;0;0m[48;2;0;0;0m▀[38;2;0;0;0m[48;2;0;0;0m▀[38;2;0;0;0m[48;2;0;0;0m▀[38;2;0;0;0m[48;2;0;0;0m▀[38;2;0;0;0m[48;2;0;0;0m▀[38;2;0;0;0m[48;2;1;1;1m▀[38;2;0;0;0m[48;2;1;1;1m▀[38;2;0;0;0m[48;2;0;0;0m▀[38;2;0;0;0m[48;2;0;0;1m▀[38;2;0;0;1m[48;2;0;0;1m▀[38;2;0;0;1m[48;2;1;0;5m▀[38;2;0;0;2m[48;2;2;1;6m▀[38;2;0;0;3m[48;2;2;1;9m▀[38;2;0;0;3m[48;2;2;1;8m▀[38;2;0;0;5m[48;2;2;2;11m▀[38;2;0;0;5m[48;2;2;2;12m▀[38;2;0;0;4m[48;2;2;3;8m▀[38;2;0;0;3m[48;2;2;3;3m▀[38;2;0;0;2m[48;2;1;1;1m▀[38;2;0;0;2m[48;2;0;0;0m▀[38;2;0;0;1m[48;2;0;0;0m▀[38;2;0;0;0m[48;2;0;0;1m▀[38;2;0;0;0m[48;2;0;0;0m▀[38;2;0;0;0m[48;2;0;0;0m▀[38;2;0;0;0m[48;2;0;0;0m▀[38;2;0;0;0m[48;2;0;0;0m▀[38;2;0;0;0m[48;2;0;0;0m▀[38;2;0;0;0m[48;2;0;0;0m▀[38;2;0;0;0m[48;2;0;0;1m▀[38;2;0;0;0m[48;2;0;0;1m▀[38;2;0;0;0m[48;2;1;1;1m▀[38;2;0;0;0m[48;2;1;1;1m▀[38;2;0;0;0m[48;2;1;1;1m▀[38;2;0;0;0m[48;2;1;1;1m▀[38;2;0;0;0m[48;2;0;0;0m▀[38;2;0;0;0m[48;2;0;0;0m▀[38;2;0;0;0m[48;2;0;0;0m▀[38;2;0;0;0m[48;2;0;0;0m▀[38;2;0;0;0m[48;2;0;0;0m▀[38;2;0;0;0m[48;2;0;0;0m▀[38;2;0;0;0m[48;2;0;0;0m▀[38;2;0;0;0m[48;2;0;0;0m▀[38;2;0;0;0m[48;2;0;0;0m▀[0m
[38;2;0;0;0m[48;2;0;0;0m▀[38;2;0;0;0m[48;2;0;0;0m▀[38;2;0;0;0m[48;2;0;0;0m▀[38;2;0;0;0m[48;2;0;0;0m▀[38;2;0;0;0m[48;2;0;0;0m▀[38;2;0;0;0m[48;2;0;0;0m▀[38;2;0;0;0m[48;2;0;0;0m▀[38;2;0;0;0m[48;2;0;0;0m▀[38;2;0;0;0m[48;2;0;0;0m▀[38;2;0;0;0m[48;2;0;0;0m▀[38;2;0;0;0m[48;2;0;0;0m▀[38;2;0;0;0m[48;2;0;0;0m▀[38;2;0;0;0m[48;2;0;0;0m▀[38;2;0;0;0m[48;2;0;0;0m▀[38;2;0;0;0m[48;2;0;0;0m▀[38;2;0;0;0m[48;2;0;0;0m▀[38;2;0;0;0m[48;2;0;0;0m▀[38;2;0;0;0m[48;2;0;0;0m▀[38;2;0;0;0m[48;2;0;0;0m▀[38;2;0;0;0m[48;2;0;0;0m▀[38;2;0;0;0m[48;2;0;0;0m▀[38;2;0;0;0m[48;2;0;0;0m▀[38;2;0;0;0m[48;2;0;0;0m▀[38;2;0;0;0m[48;2;0;0;0m▀[38;2;0;0;0m[48;2;0;0;0m▀[38;2;0;0;0m[48;2;0;0;0m▀[38;2;0;0;0m[48;2;0;0;0m▀[38;2;0;0;0m[48;2;0;0;0m▀[38;2;0;0;0m[48;2;0;0;0m▀[38;2;0;0;0m[48;2;0;0;0m▀[38;2;0;0;0m[48;2;0;0;0m▀[38;2;0;0;0m[48;2;0;0;0m▀[38;2;0;0;0m[48;2;0;0;0m▀[38;2;0;0;0m[48;2;0;0;0m▀[38;2;0;0;0m[48;2;0;0;0m▀[38;2;0;0;0m[48;2;0;0;0m▀[38;2;0;0;0m[48;2;0;0;0m▀[38;2;0;0;0m[48;2;0;0;0m▀[38;2;0;0;0m[48;2;0;0;0m▀[38;2;0;0;0m[48;2;1;1;1m▀[38;2;1;0;0m[48;2;0;0;0m▀[38;2;0;0;0m[48;2;0;0;2m▀[38;2;0;0;0m[48;2;32;30;32m▀[38;2;0;0;0m[48;2;29;27;27m▀[38;2;0;0;3m[48;2;11;9;49m▀[38;2;0;0;0m[48;2;15;13;139m▀[38;2;5;5;11m[48;2;40;29;209m▀[38;2;0;0;9m[48;2;31;21;196m▀[38;2;0;0;15m[48;2;53;20;213m▀[38;2;0;0;27m[48;2;76;31;224m▀[38;2;0;0;33m[48;2;98;44;230m▀[38;2;0;0;39m[48;2;110;59;234m▀[38;2;0;0;42m[48;2;115;72;236m▀[38;2;0;0;42m[48;2;117;93;237m▀[38;2;0;0;45m[48;2;108;102;244m▀[38;2;0;0;39m[48;2;55;42;241m▀[38;2;6;8;33m[48;2;13;16;233m▀[38;2;7;7;28m[48;2;7;11;113m▀[38;2;0;0;1m[48;2;0;0;0m▀[38;2;0;0;0m[48;2;0;0;4m▀[38;2;0;0;0m[48;2;0;0;0m▀[38;2;0;0;0m[48;2;0;0;0m▀[38;2;0;0;0m[48;2;0;0;0m▀[38;2;0;0;0m[48;2;3;3;3m▀[38;2;0;0;0m[48;2;6;5;5m▀[38;2;0;0;0m[48;2;17;15;34m▀[38;2;0;0;0m[48;2;40;33;85m▀[38;2;0;0;0m[48;2;18;16;18m▀[38;2;0;0;0m[48;2;23;21;25m▀[38;2;0;0;0m[48;2;25;23;27m▀[38;2;0;0;0m[48;2;26;24;26m▀[38;2;0;0;0m[48;2;27;26;27m▀[38;2;0;0;0m[48;2;30;29;29m▀[38;2;4;4;6m[48;2;37;36;39m▀[38;2;2;2;3m[48;2;7;7;8m▀[38;2;0;0;0m[48;2;0;0;0m▀[38;2;0;0;0m[48;2;0;0;0m▀[38;2;0;0;0m[48;2;0;0;0m▀[38;2;0;0;0m[48;2;0;0;0m▀[38;2;0;0;0m[48;2;0;0;0m▀[0m
[38;2;0;0;0m[48;2;0;0;0m▀[38;2;0;0;0m[48;2;0;0;0m▀[38;2;0;0;0m[48;2;0;0;0m▀[38;2;0;0;0m[48;2;0;0;0m▀[38;2;0;0;0m[48;2;0;0;0m▀[38;2;0;0;0m[48;2;0;0;0m▀[38;2;0;0;0m[48;2;0;0;0m▀[38;2;0;0;0m[48;2;0;0;0m▀[38;2;0;0;0m[48;2;0;0;0m▀[38;2;0;0;0m[48;2;0;0;0m▀[38;2;0;0;0m[48;2;0;0;0m▀[38;2;0;0;0m[48;2;0;0;0m▀[38;2;0;0;0m[48;2;0;0;0m▀[38;2;0;0;0m[48;2;0;0;0m▀[38;2;0;0;0m[48;2;0;0;0m▀[38;2;0;0;0m[48;2;0;0;0m▀[38;2;0;0;0m[48;2;0;0;0m▀[38;2;0;0;0m[48;2;0;0;0m▀[38;2;0;0;0m[48;2;0;0;0m▀[38;2;0;0;0m[48;2;0;0;0m▀[38;2;0;0;0m[48;2;0;0;0m▀[38;2;0;0;0m[48;2;0;0;0m▀[38;2;0;0;0m[48;2;0;0;0m▀[38;2;0;0;0m[48;2;0;0;0m▀[38;2;0;0;0m[48;2;0;0;0m▀[38;2;0;0;0m[48;2;0;0;0m▀[38;2;0;0;0m[48;2;0;0;0m▀[38;2;0;0;0m[48;2;0;0;0m▀[38;2;0;1;0m[48;2;0;0;0m▀[38;2;0;0;0m[48;2;0;0;0m▀[38;2;0;0;0m[48;2;0;0;0m▀[38;2;0;0;0m[48;2;0;0;0m▀[38;2;0;0;0m[48;2;0;0;0m▀[38;2;0;0;0m[48;2;0;0;0m▀[38;2;0;0;0m[48;2;0;0;0m▀[38;2;1;1;1m[48;2;0;0;0m▀[38;2;1;0;0m[48;2;0;0;0m▀[38;2;0;0;0m[48;2;0;0;0m▀[38;2;0;0;0m[48;2;0;1;2m▀[38;2;0;0;0m[48;2;23;20;18m▀[38;2;8;7;5m[48;2;75;64;52m▀[38;2;71;66;76m[48;2;90;76;73m▀[38;2;176;162;196m[48;2;99;82;98m▀[38;2;91;84;98m[48;2;59;50;54m▀[38;2;112;105;111m[48;2;66;59;62m▀[38;2;13;11;90m[48;2;49;42;38m▀[38;2;44;17;189m[48;2;18;16;43m▀[38;2;132;59;255m[48;2;99;35;208m▀[38;2;220;219;255m[48;2;184;166;255m▀[38;2;227;241;255m[48;2;194;182;255m▀[38;2;221;252;255m[48;2;193;156;255m▀[38;2;217;255;255m[48;2;179;115;255m▀[38;2;223;255;255m[48;2;131;66;243m▀[38;2;218;253;255m[48;2;74;23;181m▀[38;2;188;214;255m[48;2;14;0;102m▀[38;2;86;55;252m[48;2;0;0;35m▀[38;2;17;6;243m[48;2;0;2;38m▀[38;2;1;3;49m[48;2;0;0;2m▀[38;2;0;0;0m[48;2;0;0;0m▀[38;2;0;0;2m[48;2;0;0;0m▀[38;2;0;0;1m[48;2;0;0;0m▀[38;2;0;0;0m[48;2;0;0;0m▀[38;2;2;1;14m[48;2;1;1;10m▀[38;2;24;20;58m[48;2;9;10;59m▀[38;2;17;16;12m[48;2;7;6;5m▀[38;2;27;25;32m[48;2;3;3;7m▀[38;2;38;33;45m[48;2;2;3;4m▀[38;2;37;34;40m[48;2;7;8;10m▀[38;2;31;29;33m[48;2;0;0;0m▀[38;2;28;26;29m[48;2;0;0;0m▀[38;2;22;21;24m[48;2;0;0;0m▀[38;2;16;15;16m[48;2;0;0;0m▀[38;2;18;16;17m[48;2;0;0;1m▀[38;2;30;29;29m[48;2;5;5;6m▀[38;2;9;7;7m[48;2;3;3;3m▀[38;2;0;0;0m[48;2;0;0;0m▀[38;2;0;0;0m[48;2;0;0;0m▀[38;2;0;0;0m[48;2;0;0;0m▀[38;2;0;0;0m[48;2;0;0;0m▀[38;2;0;0;0m[48;2;0;0;0m▀[0m
[38;2;0;0;0m[48;2;0;0;0m▀[38;2;0;0;0m[48;2;0;0;0m▀[38;2;0;0;0m[48;2;0;0;0m▀[38;2;0;0;0m[48;2;0;0;0m▀[38;2;0;0;0m[48;2;0;0;0m▀[38;2;0;0;0m[48;2;0;0;0m▀[38;2;0;0;0m[48;2;0;0;0m▀[38;2;0;0;0m[48;2;0;0;0m▀[38;2;0;0;0m[48;2;0;0;0m▀[38;2;0;0;0m[48;2;0;0;0m▀[38;2;0;0;0m[48;2;0;0;0m▀[38;2;0;0;0m[48;2;0;0;0m▀[38;2;0;0;0m[48;2;0;0;0m▀[38;2;0;0;0m[48;2;0;0;0m▀[38;2;0;0;0m[48;2;0;0;0m▀[38;2;0;0;0m[48;2;0;0;0m▀[38;2;0;0;0m[48;2;0;0;0m▀[38;2;0;0;0m[48;2;0;0;0m▀[38;2;0;0;0m[48;2;0;0;0m▀[38;2;0;0;0m[48;2;0;0;0m▀[38;2;0;0;0m[48;2;0;0;0m▀[38;2;0;0;0m[48;2;0;0;0m▀[38;2;0;0;0m[48;2;0;0;0m▀[38;2;0;0;0m[48;2;5;3;2m▀[38;2;0;0;0m[48;2;2;0;1m▀[38;2;1;1;0m[48;2;0;0;2m▀[38;2;1;1;0m[48;2;4;5;7m▀[38;2;1;0;0m[48;2;8;6;11m▀[38;2;10;23;10m[48;2;20;55;23m▀[38;2;6;7;6m[48;2;21;26;23m▀[38;2;1;1;1m[48;2;20;19;21m▀[38;2;2;3;2m[48;2;21;20;20m▀[38;2;2;3;3m[48;2;23;20;18m▀[38;2;4;5;5m[48;2;32;26;25m▀[38;2;8;9;9m[48;2;44;39;35m▀[38;2;14;15;14m[48;2;59;49;45m▀[38;2;22;19;17m[48;2;58;49;45m▀[38;2;30;28;23m[48;2;54;44;38m▀[38;2;37;29;24m[48;2;59;40;34m▀[38;2;46;39;33m[48;2;49;39;35m▀[38;2;55;49;42m[48;2;41;36;32m▀[38;2;54;47;43m[48;2;43;37;34m▀[38;2;49;42;37m[48;2;47;41;41m▀[38;2;46;43;42m[48;2;45;43;42m▀[38;2;40;41;41m[48;2;45;42;44m▀[38;2;47;44;47m[48;2;40;37;38m▀[38;2;34;29;38m[48;2;43;37;43m▀[38;2;29;23;53m[48;2;41;29;43m▀[38;2;42;19;97m[48;2;33;24;43m▀[38;2;64;27;137m[48;2;26;20;43m▀[38;2;113;56;181m[48;2;21;16;48m▀[38;2;126;53;207m[48;2;22;20;54m▀[38;2;75;35;210m[48;2;36;28;68m▀[38;2;54;33;181m[48;2;65;47;118m▀[38;2;79;52;145m[48;2;81;52;141m▀[38;2;10;7;85m[48;2;19;17;130m▀[38;2;1;1;27m[48;2;11;11;91m▀[38;2;3;1;14m[48;2;13;9;39m▀[38;2;1;1;5m[48;2;13;8;27m▀[38;2;0;0;2m[48;2;10;7;21m▀[38;2;1;1;1m[48;2;16;10;18m▀[38;2;1;0;0m[48;2;21;12;17m▀[38;2;0;0;0m[48;2;4;2;9m▀[38;2;9;9;57m[48;2;25;24;41m▀[38;2;2;5;0m[48;2;56;44;107m▀[38;2;5;3;0m[48;2;19;7;88m▀[38;2;4;3;8m[48;2;11;8;47m▀[38;2;7;7;10m[48;2;5;4;10m▀[38;2;7;6;9m[48;2;3;3;3m▀[38;2;9;7;11m[48;2;3;1;2m▀[38;2;5;5;7m[48;2;0;0;0m▀[38;2;3;3;3m[48;2;0;0;0m▀[38;2;0;0;1m[48;2;0;0;0m▀[38;2;0;0;0m[48;2;0;0;0m▀[38;2;0;0;0m[48;2;0;0;0m▀[38;2;0;0;0m[48;2;0;0;0m▀[38;2;0;0;0m[48;2;0;0;0m▀[38;2;0;0;0m[48;2;0;0;0m▀[38;2;0;0;0m[48;2;0;0;0m▀[38;2;0;0;0m[48;2;0;0;0m▀[0m
[38;2;0;0;0m[48;2;0;0;0m▀[38;2;0;0;0m[48;2;0;0;0m▀[38;2;0;0;0m[48;2;0;0;0m▀[38;2;0;0;0m[48;2;0;0;0m▀[38;2;0;0;0m[48;2;0;0;0m▀[38;2;0;0;0m[48;2;0;0;0m▀[38;2;0;0;0m[48;2;0;0;0m▀[38;2;0;0;0m[48;2;0;0;0m▀[38;2;0;0;0m[48;2;0;0;0m▀[38;2;0;0;0m[48;2;0;0;0m▀[38;2;0;0;0m[48;2;0;0;0m▀[38;2;0;0;0m[48;2;0;0;0m▀[38;2;0;0;0m[48;2;0;0;0m▀[38;2;0;0;0m[48;2;0;0;0m▀[38;2;0;0;0m[48;2;0;0;0m▀[38;2;0;0;0m[48;2;0;0;0m▀[38;2;0;0;0m[48;2;0;0;0m▀[38;2;0;0;0m[48;2;0;0;0m▀[38;2;0;0;0m[48;2;0;0;0m▀[38;2;0;0;0m[48;2;0;0;0m▀[38;2;0;0;0m[48;2;0;0;0m▀[38;2;1;1;1m[48;2;0;0;0m▀[38;2;0;0;0m[48;2;0;0;0m▀[38;2;33;27;22m[48;2;7;7;7m▀[38;2;92;85;76m[48;2;88;85;74m▀[38;2;78;75;65m[48;2;133;126;106m▀[38;2;68;65;55m[48;2;142;137;107m▀[38;2;63;63;51m[48;2;135;130;97m▀[38;2;55;51;46m[48;2;126;120;91m▀[38;2;51;50;46m[48;2;130;125;94m▀[38;2;49;48;44m[48;2;132;125;96m▀[38;2;51;48;43m[48;2;137;132;101m▀[38;2;36;34;30m[48;2;130;127;100m▀[38;2;34;31;25m[48;2;125;124;98m▀[38;2;37;32;29m[48;2;128;124;100m▀[38;2;33;27;24m[48;2;147;143;111m▀[38;2;30;26;24m[48;2;128;122;95m▀[38;2;28;25;21m[48;2;115;109;89m▀[38;2;31;26;22m[48;2;96;89;72m▀[38;2;32;29;25m[48;2;78;72;61m▀[38;2;38;31;27m[48;2;77;70;61m▀[38;2;56;46;42m[48;2;90;82;71m▀[38;2;68;56;54m[48;2;110;93;90m▀[38;2;55;47;46m[48;2;74;66;62m▀[38;2;52;49;51m[48;2;48;46;46m▀[38;2;41;37;39m[48;2;39;39;38m▀[38;2;28;24;26m[48;2;29;31;31m▀[38;2;36;29;37m[48;2;38;32;32m▀[38;2;40;29;45m[48;2;90;40;29m▀[38;2;36;26;44m[48;2;57;31;30m▀[38;2;39;29;47m[48;2;19;19;27m▀[38;2;33;25;41m[48;2;20;17;28m▀[38;2;26;19;31m[48;2;16;12;22m▀[38;2;14;13;16m[48;2;30;25;34m▀[38;2;4;4;23m[48;2;53;49;66m▀[38;2;16;10;21m[48;2;54;50;65m▀[38;2;14;8;14m[48;2;53;49;54m▀[38;2;9;5;14m[48;2;57;55;60m▀[38;2;11;8;18m[48;2;63;60;59m▀[38;2;14;9;20m[48;2;32;29;22m▀[38;2;19;15;23m[48;2;6;4;4m▀[38;2;48;29;36m[48;2;7;6;9m▀[38;2;17;15;14m[48;2;3;2;8m▀[38;2;12;14;121m[48;2;3;4;35m▀[38;2;21;12;148m[48;2;0;0;0m▀[38;2;9;3;41m[48;2;0;0;0m▀[38;2;1;1;4m[48;2;0;0;0m▀[38;2;0;0;2m[48;2;0;0;0m▀[38;2;0;0;0m[48;2;0;0;0m▀[38;2;0;0;0m[48;2;0;0;0m▀[38;2;0;0;0m[48;2;0;0;0m▀[38;2;0;0;0m[48;2;0;0;0m▀[38;2;0;0;0m[48;2;0;0;0m▀[38;2;0;0;0m[48;2;0;0;0m▀[38;2;0;0;0m[48;2;0;0;0m▀[38;2;0;0;0m[48;2;0;0;0m▀[38;2;0;0;0m[48;2;0;0;0m▀[38;2;0;0;0m[48;2;0;0;0m▀[38;2;0;0;0m[48;2;0;0;0m▀[38;2;0;0;0m[48;2;0;0;0m▀[0m
[38;2;0;0;0m[48;2;0;0;0m▀[38;2;0;0;0m[48;2;0;0;0m▀[38;2;0;0;0m[48;2;0;0;0m▀[38;2;0;0;0m[48;2;0;0;0m▀[38;2;0;0;0m[48;2;0;0;0m▀[38;2;0;0;0m[48;2;0;0;0m▀[38;2;0;0;0m[48;2;0;0;0m▀[38;2;0;0;0m[48;2;0;0;0m▀[38;2;0;0;0m[48;2;0;0;0m▀[38;2;0;0;0m[48;2;0;0;0m▀[38;2;0;0;0m[48;2;0;0;0m▀[38;2;0;0;0m[48;2;0;0;0m▀[38;2;0;0;0m[48;2;0;0;0m▀[38;2;0;0;0m[48;2;0;0;0m▀[38;2;0;0;0m[48;2;0;0;0m▀[38;2;0;0;0m[48;2;0;0;0m▀[38;2;0;0;0m[48;2;0;0;0m▀[38;2;0;0;0m[48;2;0;0;0m▀[38;2;0;0;0m[48;2;0;0;0m▀[38;2;0;0;0m[48;2;0;0;0m▀[38;2;0;0;0m[48;2;0;0;0m▀[38;2;0;0;0m[48;2;0;0;0m▀[38;2;0;0;0m[48;2;0;0;0m▀[38;2;0;0;0m[48;2;0;0;0m▀[38;2;0;0;0m[48;2;1;1;1m▀[38;2;11;11;9m[48;2;0;0;0m▀[38;2;22;20;17m[48;2;0;0;0m▀[38;2;34;30;25m[48;2;0;0;0m▀[38;2;43;39;32m[48;2;0;0;0m▀[38;2;50;47;36m[48;2;0;0;0m▀[38;2;56;52;41m[48;2;0;0;1m▀[38;2;69;67;53m[48;2;3;3;5m▀[38;2;88;83;64m[48;2;3;2;3m▀[38;2;93;85;66m[48;2;3;3;2m▀[38;2;92;85;64m[48;2;5;4;4m▀[38;2;105;100;75m[48;2;1;0;1m▀[38;2;103;96;74m[48;2;0;0;0m▀[38;2;103;96;78m[48;2;1;0;0m▀[38;2;124;112;94m[48;2;12;9;8m▀[38;2;101;91;79m[48;2;7;4;3m▀[38;2;100;92;85m[48;2;61;53;78m▀[38;2;83;74;82m[48;2;201;185;230m▀[38;2;80;75;69m[48;2;39;25;59m▀[38;2;40;39;36m[48;2;9;4;16m▀[38;2;18;17;14m[48;2;12;7;36m▀[38;2;27;24;32m[48;2;121;106;161m▀[38;2;19;18;24m[48;2;35;26;57m▀[38;2;25;19;24m[48;2;9;6;20m▀[38;2;42;26;28m[48;2;34;20;53m▀[38;2;29;16;16m[48;2;18;11;92m▀[38;2;6;2;7m[48;2;0;1;97m▀[38;2;5;0;0m[48;2;2;14;182m▀[38;2;2;1;7m[48;2;20;22;190m▀[38;2;15;13;17m[48;2;90;82;192m▀[38;2;22;22;15m[48;2;29;16;97m▀[38;2;25;25;21m[48;2;18;7;40m▀[38;2;38;37;38m[48;2;10;2;30m▀[38;2;29;29;24m[48;2;4;1;43m▀[38;2;14;11;20m[48;2;13;8;79m▀[38;2;8;7;57m[48;2;4;4;54m▀[38;2;14;5;38m[48;2;1;1;11m▀[38;2;15;5;11m[48;2;0;0;0m▀[38;2;1;0;2m[48;2;0;0;0m▀[38;2;0;0;0m[48;2;0;0;1m▀[38;2;0;0;1m[48;2;0;0;0m▀[38;2;0;0;1m[48;2;0;0;0m▀[38;2;0;0;0m[48;2;0;0;0m▀[38;2;0;0;0m[48;2;0;0;0m▀[38;2;0;0;0m[48;2;0;0;0m▀[38;2;0;0;0m[48;2;0;0;0m▀[38;2;0;0;0m[48;2;0;0;0m▀[38;2;0;0;0m[48;2;0;0;0m▀[38;2;0;0;0m[48;2;0;0;0m▀[38;2;0;0;0m[48;2;0;0;0m▀[38;2;0;0;0m[48;2;0;0;0m▀[38;2;0;0;0m[48;2;0;0;0m▀[38;2;0;0;0m[48;2;0;0;0m▀[38;2;0;0;0m[48;2;0;0;0m▀[38;2;0;0;0m[48;2;0;0;0m▀[38;2;0;0;0m[48;2;0;0;0m▀[0m
[38;2;0;0;0m[48;2;0;0;0m▀[38;2;0;0;0m[48;2;0;0;0m▀[38;2;0;0;0m[48;2;0;0;0m▀[38;2;0;0;0m[48;2;0;0;0m▀[38;2;0;0;0m[48;2;0;0;0m▀[38;2;0;0;0m[48;2;0;0;0m▀[38;2;0;0;0m[48;2;0;0;0m▀[38;2;0;0;0m[48;2;0;0;0m▀[38;2;0;0;0m[48;2;0;0;0m▀[38;2;0;0;0m[48;2;0;0;0m▀[38;2;0;0;0m[48;2;0;0;0m▀[38;2;0;0;0m[48;2;0;0;0m▀[38;2;0;0;0m[48;2;0;0;0m▀[38;2;0;0;0m[48;2;0;0;0m▀[38;2;0;0;0m[48;2;0;0;0m▀[38;2;0;0;0m[48;2;0;0;0m▀[38;2;0;0;0m[48;2;0;0;0m▀[38;2;0;0;0m[48;2;0;0;0m▀[38;2;0;0;0m[48;2;0;0;0m▀[38;2;0;0;0m[48;2;0;0;0m▀[38;2;0;0;0m[48;2;0;0;0m▀[38;2;0;0;0m[48;2;0;0;0m▀[38;2;0;0;0m[48;2;0;0;0m▀[38;2;0;0;0m[48;2;0;0;0m▀[38;2;0;0;0m[48;2;0;0;0m▀[38;2;1;1;1m[48;2;0;0;0m▀[38;2;1;1;1m[48;2;0;0;0m▀[38;2;1;1;1m[48;2;0;0;0m▀[38;2;1;1;1m[48;2;0;0;0m▀[38;2;1;1;1m[48;2;0;0;0m▀[38;2;0;0;0m[48;2;0;0;0m▀[38;2;0;0;0m[48;2;0;0;0m▀[38;2;0;0;0m[48;2;0;0;0m▀[38;2;0;0;0m[48;2;0;0;0m▀[38;2;0;0;0m[48;2;0;0;0m▀[38;2;0;0;0m[48;2;0;0;0m▀[38;2;0;0;0m[48;2;0;0;0m▀[38;2;0;0;0m[48;2;0;0;0m▀[38;2;0;0;0m[48;2;1;0;0m▀[38;2;0;0;0m[48;2;1;0;0m▀[38;2;7;6;18m[48;2;0;0;0m▀[38;2;41;34;70m[48;2;0;0;0m▀[38;2;17;10;28m[48;2;0;0;0m▀[38;2;7;2;32m[48;2;0;0;1m▀[38;2;10;6;62m[48;2;0;0;0m▀[38;2;15;12;32m[48;2;0;0;0m▀[38;2;4;2;14m[48;2;0;0;7m▀[38;2;0;0;1m[48;2;0;0;0m▀[38;2;32;11;42m[48;2;0;0;21m▀[38;2;109;33;90m[48;2;27;4;65m▀[38;2;79;28;88m[48;2;44;14;32m▀[38;2;6;8;153m[48;2;1;0;54m▀[38;2;11;19;199m[48;2;0;9;143m▀[38;2;37;45;247m[48;2;0;11;188m▀[38;2;33;36;255m[48;2;2;13;242m▀[38;2;62;62;251m[48;2;0;19;255m▀[38;2;90;56;244m[48;2;3;19;255m▀[38;2;12;9;98m[48;2;12;17;151m▀[38;2;23;8;173m[48;2;32;35;180m▀[38;2;32;5;153m[48;2;14;18;255m▀[38;2;2;1;3m[48;2;3;4;90m▀[38;2;0;0;1m[48;2;0;0;0m▀[38;2;0;0;1m[48;2;0;0;3m▀[38;2;0;0;0m[48;2;0;0;0m▀[38;2;0;0;0m[48;2;0;0;0m▀[38;2;0;0;0m[48;2;0;0;0m▀[38;2;0;0;0m[48;2;0;0;0m▀[38;2;0;0;0m[48;2;0;0;0m▀[38;2;0;0;0m[48;2;0;0;0m▀[38;2;0;0;0m[48;2;0;0;0m▀[38;2;0;0;0m[48;2;0;0;0m▀[38;2;0;0;0m[48;2;0;0;0m▀[38;2;0;0;0m[48;2;0;0;0m▀[38;2;0;0;0m[48;2;0;0;0m▀[38;2;0;0;0m[48;2;0;0;0m▀[38;2;0;0;0m[48;2;0;0;0m▀[38;2;0;0;0m[48;2;0;0;0m▀[38;2;0;0;0m[48;2;0;0;0m▀[38;2;0;0;0m[48;2;0;0;0m▀[38;2;0;0;0m[48;2;0;0;0m▀[0m
[38;2;0;0;0m[48;2;0;0;0m▀[38;2;0;0;0m[48;2;0;0;0m▀[38;2;0;0;0m[48;2;0;0;0m▀[38;2;0;0;0m[48;2;0;0;0m▀[38;2;0;0;0m[48;2;0;0;0m▀[38;2;0;0;0m[48;2;0;0;0m▀[38;2;0;0;0m[48;2;0;0;0m▀[38;2;0;0;0m[48;2;0;0;0m▀[38;2;0;0;0m[48;2;0;0;0m▀[38;2;0;0;0m[48;2;0;0;0m▀[38;2;0;0;0m[48;2;0;0;0m▀[38;2;0;0;0m[48;2;0;0;0m▀[38;2;0;0;0m[48;2;0;0;0m▀[38;2;0;0;0m[48;2;0;0;0m▀[38;2;0;0;0m[48;2;0;0;0m▀[38;2;0;0;0m[48;2;0;0;0m▀[38;2;0;0;0m[48;2;0;0;0m▀[38;2;0;0;0m[48;2;0;0;0m▀[38;2;0;0;0m[48;2;0;0;0m▀[38;2;0;0;0m[48;2;0;0;0m▀[38;2;0;0;0m[48;2;0;0;0m▀[38;2;0;0;0m[48;2;0;0;0m▀[38;2;0;0;0m[48;2;0;0;0m▀[38;2;0;0;0m[48;2;0;0;0m▀[38;2;0;0;0m[48;2;0;0;0m▀[38;2;0;0;0m[48;2;0;0;0m▀[38;2;0;0;0m[48;2;0;0;0m▀[38;2;0;0;0m[48;2;0;0;0m▀[38;2;0;0;0m[48;2;0;0;0m▀[38;2;0;0;0m[48;2;0;0;0m▀[38;2;0;0;0m[48;2;0;0;0m▀[38;2;0;0;0m[48;2;0;0;0m▀[38;2;0;0;0m[48;2;0;0;0m▀[38;2;0;0;0m[48;2;0;0;0m▀[38;2;0;0;0m[48;2;0;0;0m▀[38;2;0;0;0m[48;2;0;0;0m▀[38;2;0;0;0m[48;2;0;0;0m▀[38;2;0;0;0m[48;2;0;0;0m▀[38;2;0;0;0m[48;2;0;0;0m▀[38;2;0;0;0m[48;2;0;0;0m▀[38;2;0;0;0m[48;2;0;0;0m▀[38;2;1;1;2m[48;2;0;0;0m▀[38;2;0;0;0m[48;2;0;0;0m▀[38;2;0;0;0m[48;2;0;0;0m▀[38;2;0;0;1m[48;2;0;0;1m▀[38;2;2;1;5m[48;2;2;1;2m▀[38;2;0;0;4m[48;2;2;2;20m▀[38;2;15;7;43m[48;2;167;102;214m▀[38;2;115;56;186m[48;2;255;179;255m▀[38;2;93;56;204m[48;2;255;243;255m▀[38;2;0;1;114m[48;2;156;145;245m▀[38;2;33;16;79m[48;2;19;10;148m▀[38;2;9;7;113m[48;2;10;7;65m▀[38;2;19;22;212m[48;2;13;14;99m▀[38;2;83;59;240m[48;2;38;33;109m▀[38;2;17;21;224m[48;2;20;20;118m▀[38;2;2;15;213m[48;2;11;11;111m▀[38;2;22;29;214m[48;2;11;12;109m▀[38;2;35;36;135m[48;2;22;21;105m▀[38;2;7;16;156m[48;2;24;20;72m▀[38;2;2;7;111m[48;2;1;1;21m▀[38;2;1;0;0m[48;2;1;0;0m▀[38;2;0;0;3m[48;2;0;0;1m▀[38;2;0;0;0m[48;2;0;0;0m▀[38;2;0;0;0m[48;2;0;0;0m▀[38;2;0;0;0m[48;2;0;0;0m▀[38;2;0;0;0m[48;2;0;0;0m▀[38;2;0;0;0m[48;2;0;0;0m▀[38;2;0;0;0m[48;2;0;0;0m▀[38;2;0;0;0m[48;2;0;0;0m▀[38;2;0;0;0m[48;2;0;0;0m▀[38;2;0;0;0m[48;2;0;0;0m▀[38;2;0;0;0m[48;2;0;0;0m▀[38;2;0;0;0m[48;2;0;0;0m▀[38;2;0;0;0m[48;2;0;0;0m▀[38;2;0;0;0m[48;2;0;0;0m▀[38;2;0;0;0m[48;2;0;0;0m▀[38;2;0;0;0m[48;2;0;0;0m▀[38;2;0;0;0m[48;2;0;0;0m▀[38;2;0;0;0m[48;2;0;0;0m▀[0m
[38;2;0;0;0m[48;2;0;0;0m▀[38;2;0;0;0m[48;2;0;0;0m▀[38;2;0;0;0m[48;2;0;0;0m▀[38;2;0;0;0m[48;2;0;0;0m▀[38;2;0;0;0m[48;2;0;0;0m▀[38;2;0;0;0m[48;2;0;0;0m▀[38;2;0;0;0m[48;2;0;0;0m▀[38;2;0;0;0m[48;2;0;0;0m▀[38;2;0;0;0m[48;2;0;0;0m▀[38;2;0;0;0m[48;2;0;0;0m▀[38;2;0;0;0m[48;2;0;0;0m▀[38;2;0;0;0m[48;2;0;0;0m▀[38;2;0;0;0m[48;2;0;0;0m▀[38;2;0;0;0m[48;2;0;0;0m▀[38;2;0;0;0m[48;2;0;0;0m▀[38;2;0;0;0m[48;2;0;0;0m▀[38;2;0;0;0m[48;2;0;0;0m▀[38;2;0;0;0m[48;2;0;0;0m▀[38;2;0;0;0m[48;2;0;0;0m▀[38;2;0;0;0m[48;2;0;0;0m▀[38;2;0;0;0m[48;2;0;0;0m▀[38;2;0;0;0m[48;2;0;0;0m▀[38;2;0;0;0m[48;2;0;0;0m▀[38;2;0;0;0m[48;2;0;0;0m▀[38;2;0;0;0m[48;2;0;0;0m▀[38;2;0;0;0m[48;2;0;0;0m▀[38;2;0;0;0m[48;2;0;0;0m▀[38;2;0;0;0m[48;2;0;0;0m▀[38;2;0;0;0m[48;2;0;0;0m▀[38;2;0;0;0m[48;2;0;0;0m▀[38;2;0;0;0m[48;2;0;0;0m▀[38;2;0;0;0m[48;2;0;0;0m▀[38;2;0;0;0m[48;2;0;0;0m▀[38;2;0;0;0m[48;2;0;0;0m▀[38;2;0;0;0m[48;2;0;0;0m▀[38;2;0;0;0m[48;2;0;0;0m▀[38;2;0;0;0m[48;2;0;0;0m▀[38;2;0;0;0m[48;2;0;0;0m▀[38;2;0;0;0m[48;2;0;0;0m▀[38;2;0;0;0m[48;2;0;0;0m▀[38;2;0;0;0m[48;2;0;0;0m▀[38;2;0;0;0m[48;2;0;0;0m▀[38;2;0;0;0m[48;2;0;0;0m▀[38;2;0;0;0m[48;2;0;0;0m▀[38;2;1;1;2m[48;2;0;0;1m▀[38;2;0;0;0m[48;2;1;1;1m▀[38;2;21;15;67m[48;2;9;4;36m▀[38;2;236;150;255m[48;2;209;130;243m▀[38;2;245;212;251m[48;2;255;182;255m▀[38;2;215;255;251m[48;2;239;244;251m▀[38;2;236;253;255m[48;2;246;233;255m▀[38;2;33;33;154m[48;2;34;27;112m▀[38;2;0;0;84m[48;2;0;0;21m▀[38;2;9;7;67m[48;2;6;4;16m▀[38;2;0;0;26m[48;2;39;36;44m▀[38;2;15;12;44m[48;2;28;23;39m▀[38;2;15;12;59m[48;2;27;23;43m▀[38;2;12;8;65m[48;2;16;14;24m▀[38;2;9;5;37m[48;2;2;2;0m▀[38;2;2;1;4m[48;2;0;0;0m▀[38;2;0;0;0m[48;2;0;0;1m▀[38;2;0;0;0m[48;2;0;0;0m▀[38;2;0;0;0m[48;2;0;0;0m▀[38;2;0;0;0m[48;2;0;0;0m▀[38;2;0;0;0m[48;2;0;0;0m▀[38;2;0;0;0m[48;2;0;0;0m▀[38;2;0;0;0m[48;2;0;0;0m▀[38;2;0;0;0m[48;2;0;0;0m▀[38;2;0;0;0m[48;2;0;0;0m▀[38;2;0;0;0m[48;2;0;0;0m▀[38;2;0;0;0m[48;2;0;0;0m▀[38;2;0;0;0m[48;2;0;0;0m▀[38;2;0;0;0m[48;2;0;0;0m▀[38;2;0;0;0m[48;2;0;0;0m▀[38;2;0;0;0m[48;2;0;0;0m▀[38;2;0;0;0m[48;2;0;0;0m▀[38;2;0;0;0m[48;2;0;0;0m▀[38;2;0;0;0m[48;2;0;0;0m▀[38;2;0;0;0m[48;2;0;0;0m▀[38;2;0;0;0m[48;2;0;0;0m▀[0m
[38;2;0;0;0m[48;2;0;0;0m▀[38;2;0;0;0m[48;2;0;0;0m▀[38;2;0;0;0m[48;2;0;0;0m▀[38;2;0;0;0m[48;2;0;0;0m▀[38;2;0;0;0m[48;2;0;0;0m▀[38;2;0;0;0m[48;2;0;0;0m▀[38;2;0;0;0m[48;2;0;0;0m▀[38;2;0;0;0m[48;2;0;0;0m▀[38;2;0;0;0m[48;2;0;0;0m▀[38;2;0;0;0m[48;2;0;0;0m▀[38;2;0;0;0m[48;2;0;0;0m▀[38;2;0;0;0m[48;2;0;0;0m▀[38;2;0;0;0m[48;2;0;0;0m▀[38;2;0;0;0m[48;2;0;0;0m▀[38;2;0;0;0m[48;2;0;0;0m▀[38;2;0;0;0m[48;2;0;0;0m▀[38;2;0;0;0m[48;2;0;0;0m▀[38;2;0;0;0m[48;2;0;0;0m▀[38;2;0;0;0m[48;2;0;0;0m▀[38;2;0;0;0m[48;2;0;0;0m▀[38;2;0;0;0m[48;2;0;0;0m▀[38;2;0;0;0m[48;2;0;0;0m▀[38;2;0;0;0m[48;2;0;0;0m▀[38;2;0;0;0m[48;2;0;0;0m▀[38;2;0;0;0m[48;2;0;0;0m▀[38;2;0;0;0m[48;2;0;0;0m▀[38;2;0;0;0m[48;2;0;0;0m▀[38;2;0;0;0m[48;2;0;0;0m▀[38;2;0;0;0m[48;2;0;0;0m▀[38;2;0;0;0m[48;2;0;0;0m▀[38;2;0;0;0m[48;2;0;0;0m▀[38;2;0;0;0m[48;2;0;0;0m▀[38;2;0;0;0m[48;2;0;0;0m▀[38;2;0;0;0m[48;2;0;0;0m▀[38;2;0;0;0m[48;2;0;0;0m▀[38;2;0;0;0m[48;2;0;0;0m▀[38;2;0;0;0m[48;2;0;0;0m▀[38;2;0;0;0m[48;2;0;0;0m▀[38;2;0;0;0m[48;2;0;0;0m▀[38;2;0;0;0m[48;2;0;0;0m▀[38;2;0;0;0m[48;2;0;0;0m▀[38;2;0;0;0m[48;2;0;0;0m▀[38;2;0;0;0m[48;2;0;0;0m▀[38;2;0;0;0m[48;2;0;0;0m▀[38;2;0;0;0m[48;2;0;0;0m▀[38;2;3;2;2m[48;2;0;0;0m▀[38;2;0;0;2m[48;2;1;0;3m▀[38;2;66;38;119m[48;2;0;0;7m▀[38;2;218;127;250m[48;2;18;9;61m▀[38;2;252;152;255m[48;2;42;16;86m▀[38;2;136;81;190m[48;2;0;0;29m▀[38;2;22;5;30m[48;2;12;4;15m▀[38;2;12;4;16m[48;2;6;1;15m▀[38;2;4;5;13m[48;2;3;2;10m▀[38;2;90;87;85m[48;2;1;1;4m▀[38;2;62;60;59m[48;2;0;0;0m▀[38;2;7;7;6m[48;2;0;0;0m▀[38;2;0;0;0m[48;2;0;0;1m▀[38;2;0;0;0m[48;2;0;0;0m▀[38;2;0;0;0m[48;2;0;0;0m▀[38;2;0;0;0m[48;2;0;0;0m▀[38;2;0;0;0m[48;2;0;0;0m▀[38;2;0;0;0m[48;2;0;0;0m▀[38;2;0;0;0m[48;2;0;0;0m▀[38;2;0;0;0m[48;2;0;0;0m▀[38;2;0;0;0m[48;2;0;0;0m▀[38;2;0;0;0m[48;2;0;0;0m▀[38;2;0;0;0m[48;2;0;0;0m▀[38;2;0;0;0m[48;2;0;0;0m▀[38;2;0;0;0m[48;2;0;0;0m▀[38;2;0;0;0m[48;2;0;0;0m▀[38;2;0;0;0m[48;2;0;0;0m▀[38;2;0;0;0m[48;2;0;0;0m▀[38;2;0;0;0m[48;2;0;0;0m▀[38;2;0;0;0m[48;2;0;0;0m▀[38;2;0;0;0m[48;2;0;0;0m▀[38;2;0;0;0m[48;2;0;0;0m▀[38;2;0;0;0m[48;2;0;0;0m▀[38;2;0;0;0m[48;2;0;0;0m▀[38;2;0;0;0m[48;2;0;0;0m▀[0m
[38;2;0;0;0m[48;2;0;0;0m▀[38;2;0;0;0m[48;2;0;0;0m▀[38;2;0;0;0m[48;2;0;0;0m▀[38;2;0;0;0m[48;2;0;0;0m▀[38;2;0;0;0m[48;2;0;0;0m▀[38;2;0;0;0m[48;2;0;0;0m▀[38;2;0;0;0m[48;2;0;0;0m▀[38;2;0;0;0m[48;2;0;0;0m▀[38;2;0;0;0m[48;2;0;0;0m▀[38;2;0;0;0m[48;2;0;0;0m▀[38;2;0;0;0m[48;2;0;0;0m▀[38;2;0;0;0m[48;2;0;0;0m▀[38;2;0;0;0m[48;2;0;0;0m▀[38;2;0;0;0m[48;2;0;0;0m▀[38;2;0;0;0m[48;2;0;0;0m▀[38;2;0;0;0m[48;2;0;0;0m▀[38;2;0;0;0m[48;2;0;0;0m▀[38;2;0;0;0m[48;2;0;0;0m▀[38;2;0;0;0m[48;2;0;0;0m▀[38;2;0;0;0m[48;2;0;0;0m▀[38;2;0;0;0m[48;2;0;0;0m▀[38;2;0;0;0m[48;2;0;0;0m▀[38;2;0;0;0m[48;2;0;0;0m▀[38;2;0;0;0m[48;2;0;0;0m▀[38;2;0;0;0m[48;2;0;0;0m▀[38;2;0;0;0m[48;2;0;0;0m▀[38;2;0;0;0m[48;2;0;0;0m▀[38;2;0;0;0m[48;2;0;0;0m▀[38;2;0;0;0m[48;2;0;0;0m▀[38;2;0;0;0m[48;2;0;0;0m▀[38;2;0;0;0m[48;2;0;0;0m▀[38;2;0;0;0m[48;2;0;0;0m▀[38;2;0;0;0m[48;2;0;0;0m▀[38;2;0;0;0m[48;2;0;0;0m▀[38;2;0;0;0m[48;2;0;0;0m▀[38;2;0;0;0m[48;2;0;0;0m▀[38;2;0;0;0m[48;2;0;0;0m▀[38;2;0;0;0m[48;2;0;0;0m▀[38;2;0;0;0m[48;2;0;0;0m▀[38;2;0;0;0m[48;2;0;0;0m▀[38;2;0;0;0m[48;2;0;0;0m▀[38;2;0;0;0m[48;2;0;0;0m▀[38;2;0;0;0m[48;2;0;0;0m▀[38;2;0;0;0m[48;2;0;0;0m▀[38;2;0;0;0m[48;2;0;0;0m▀[38;2;0;0;0m[48;2;0;0;0m▀[38;2;0;0;0m[48;2;0;0;1m▀[38;2;2;1;5m[48;2;0;0;1m▀[38;2;0;0;2m[48;2;1;1;5m▀[38;2;0;0;0m[48;2;2;1;6m▀[38;2;2;2;5m[48;2;0;0;1m▀[38;2;0;0;3m[48;2;0;0;1m▀[38;2;0;0;0m[48;2;0;0;0m▀[38;2;0;0;0m[48;2;0;0;0m▀[38;2;0;0;0m[48;2;0;0;0m▀[38;2;1;1;1m[48;2;0;0;0m▀[38;2;0;0;0m[48;2;0;0;0m▀[38;2;0;0;0m[48;2;0;0;0m▀[38;2;0;0;0m[48;2;0;0;0m▀[38;2;0;0;0m[48;2;0;0;0m▀[38;2;0;0;0m[48;2;0;0;0m▀[38;2;0;0;0m[48;2;0;0;0m▀[38;2;0;0;0m[48;2;0;0;0m▀[38;2;0;0;0m[48;2;0;0;0m▀[38;2;0;0;0m[48;2;0;0;0m▀[38;2;0;0;0m[48;2;0;0;0m▀[38;2;0;0;0m[48;2;0;0;0m▀[38;2;0;0;0m[48;2;0;0;0m▀[38;2;0;0;0m[48;2;0;0;0m▀[38;2;0;0;0m[48;2;0;0;0m▀[38;2;0;0;0m[48;2;0;0;0m▀[38;2;0;0;0m[48;2;0;0;0m▀[38;2;0;0;0m[48;2;0;0;0m▀[38;2;0;0;0m[48;2;0;0;0m▀[38;2;0;0;0m[48;2;0;0;0m▀[38;2;0;0;0m[48;2;0;0;0m▀[38;2;0;0;0m[48;2;0;0;0m▀[38;2;0;0;0m[48;2;0;0;0m▀[38;2;0;0;0m[48;2;0;0;0m▀[38;2;0;0;0m[48;2;0;0;0m▀[0m
[38;2;0;0;0m[48;2;0;0;0m▀[38;2;0;0;0m[48;2;0;0;0m▀[38;2;0;0;0m[48;2;0;0;0m▀[38;2;0;0;0m[48;2;0;0;0m▀[38;2;0;0;0m[48;2;0;0;0m▀[38;2;0;0;0m[48;2;0;0;0m▀[38;2;0;0;0m[48;2;0;0;0m▀[38;2;0;0;0m[48;2;0;0;0m▀[38;2;0;0;0m[48;2;0;0;0m▀[38;2;0;0;0m[48;2;0;0;0m▀[38;2;0;0;0m[48;2;0;0;0m▀[38;2;0;0;0m[48;2;1;0;0m▀[38;2;0;0;0m[48;2;0;0;0m▀[38;2;0;0;0m[48;2;0;0;0m▀[38;2;0;0;0m[48;2;0;0;0m▀[38;2;0;0;0m[48;2;0;0;0m▀[38;2;0;0;0m[48;2;0;0;0m▀[38;2;0;0;0m[48;2;0;0;0m▀[38;2;0;0;0m[48;2;0;0;0m▀[38;2;0;0;0m[48;2;1;0;0m▀[38;2;0;0;0m[48;2;0;0;0m▀[38;2;0;0;0m[48;2;0;0;0m▀[38;2;0;0;0m[48;2;0;0;0m▀[38;2;0;0;0m[48;2;0;0;0m▀[38;2;0;0;0m[48;2;0;0;0m▀[38;2;0;0;0m[48;2;0;0;0m▀[38;2;0;0;0m[48;2;0;0;0m▀[38;2;0;0;0m[48;2;0;0;0m▀[38;2;0;0;0m[48;2;0;0;0m▀[38;2;0;0;0m[48;2;0;0;0m▀[38;2;0;0;0m[48;2;0;0;0m▀[38;2;0;0;0m[48;2;0;0;0m▀[38;2;0;0;0m[48;2;0;0;0m▀[38;2;0;0;0m[48;2;0;0;0m▀[38;2;0;0;0m[48;2;0;0;0m▀[38;2;0;0;0m[48;2;0;0;0m▀[38;2;0;0;0m[48;2;0;0;0m▀[38;2;0;0;0m[48;2;0;0;0m▀[38;2;0;0;0m[48;2;0;0;0m▀[38;2;0;0;0m[48;2;0;0;0m▀[38;2;0;0;0m[48;2;0;0;0m▀[38;2;0;0;0m[48;2;1;0;0m▀[38;2;0;0;0m[48;2;0;0;0m▀[38;2;0;0;0m[48;2;0;0;0m▀[38;2;0;0;0m[48;2;0;0;0m▀[38;2;0;0;0m[48;2;0;0;0m▀[38;2;0;0;1m[48;2;0;0;1m▀[38;2;0;0;1m[48;2;0;0;1m▀[38;2;0;0;1m[48;2;0;0;1m▀[38;2;0;0;1m[48;2;0;0;1m▀[38;2;0;0;1m[48;2;0;0;1m▀[38;2;0;0;1m[48;2;0;0;1m▀[38;2;0;0;0m[48;2;0;0;0m▀[38;2;0;0;0m[48;2;0;0;0m▀[38;2;0;0;0m[48;2;0;0;0m▀[38;2;0;0;0m[48;2;0;0;0m▀[38;2;0;0;0m[48;2;0;0;0m▀[38;2;0;0;0m[48;2;0;0;0m▀[38;2;0;0;0m[48;2;0;0;0m▀[38;2;0;0;0m[48;2;0;0;0m▀[38;2;0;0;0m[48;2;0;0;0m▀[38;2;0;0;0m[48;2;0;0;0m▀[38;2;0;0;0m[48;2;0;0;0m▀[38;2;0;0;0m[48;2;0;0;0m▀[38;2;0;0;0m[48;2;0;0;0m▀[38;2;0;0;0m[48;2;0;0;0m▀[38;2;0;0;0m[48;2;0;0;0m▀[38;2;0;0;0m[48;2;0;0;0m▀[38;2;0;0;0m[48;2;0;0;0m▀[38;2;0;0;0m[48;2;0;0;0m▀[38;2;0;0;0m[48;2;0;0;0m▀[38;2;0;0;0m[48;2;0;0;0m▀[38;2;0;0;0m[48;2;0;0;0m▀[38;2;0;0;0m[48;2;0;0;0m▀[38;2;0;0;0m[48;2;0;0;0m▀[38;2;0;0;0m[48;2;0;0;0m▀[38;2;0;0;0m[48;2;0;0;0m▀[38;2;0;0;0m[48;2;0;0;0m▀[38;2;0;0;0m[48;2;0;0;0m▀[38;2;0;0;0m[48;2;0;0;0m▀[0m
[38;2;0;0;0m[48;2;0;0;0m▀[38;2;0;0;0m[48;2;0;0;0m▀[38;2;0;0;0m[48;2;0;0;0m▀[38;2;0;0;0m[48;2;0;0;0m▀[38;2;0;0;0m[48;2;0;0;0m▀[38;2;0;0;0m[48;2;0;0;0m▀[38;2;0;0;0m[48;2;0;0;0m▀[38;2;0;0;0m[48;2;0;0;0m▀[38;2;0;0;0m[48;2;0;0;0m▀[38;2;0;0;0m[48;2;0;0;0m▀[38;2;0;0;0m[48;2;1;0;0m▀[38;2;1;0;0m[48;2;1;0;0m▀[38;2;0;0;0m[48;2;0;0;0m▀[38;2;0;0;0m[48;2;0;0;0m▀[38;2;0;0;0m[48;2;0;0;0m▀[38;2;0;0;0m[48;2;0;0;0m▀[38;2;0;0;0m[48;2;0;0;0m▀[38;2;0;0;0m[48;2;0;0;0m▀[38;2;0;0;0m[48;2;0;0;0m▀[38;2;1;0;0m[48;2;1;0;0m▀[38;2;1;0;0m[48;2;0;0;0m▀[38;2;0;0;0m[48;2;0;0;0m▀[38;2;0;0;0m[48;2;0;0;0m▀[38;2;0;0;0m[48;2;0;0;0m▀[38;2;0;0;0m[48;2;0;0;0m▀[38;2;0;0;0m[48;2;0;0;0m▀[38;2;0;0;0m[48;2;0;0;0m▀[38;2;0;0;0m[48;2;0;0;0m▀[38;2;0;0;0m[48;2;0;0;0m▀[38;2;1;0;0m[48;2;1;0;0m▀[38;2;1;0;0m[48;2;1;0;0m▀[38;2;0;0;0m[48;2;0;0;0m▀[38;2;0;0;0m[48;2;0;0;0m▀[38;2;0;0;0m[48;2;0;0;0m▀[38;2;0;0;0m[48;2;0;0;0m▀[38;2;0;0;0m[48;2;0;0;0m▀[38;2;0;0;0m[48;2;0;0;0m▀[38;2;0;0;0m[48;2;0;0;0m▀[38;2;2;0;0m[48;2;1;0;0m▀[38;2;1;0;0m[48;2;0;0;0m▀[38;2;1;0;0m[48;2;0;0;0m▀[38;2;1;0;0m[48;2;0;0;0m▀[38;2;0;0;0m[48;2;0;0;0m▀[38;2;0;0;0m[48;2;0;0;0m▀[38;2;0;0;0m[48;2;0;0;0m▀[38;2;0;0;0m[48;2;0;0;0m▀[38;2;0;0;0m[48;2;0;0;0m▀[38;2;0;0;0m[48;2;0;0;0m▀[38;2;0;0;0m[48;2;0;0;0m▀[38;2;0;0;0m[48;2;0;0;0m▀[38;2;0;0;1m[48;2;0;0;0m▀[38;2;0;0;1m[48;2;0;0;0m▀[38;2;0;0;0m[48;2;0;0;0m▀[38;2;0;0;0m[48;2;0;0;0m▀[38;2;0;0;0m[48;2;0;0;0m▀[38;2;0;0;0m[48;2;0;0;0m▀[38;2;0;0;0m[48;2;0;0;0m▀[38;2;0;0;0m[48;2;0;0;0m▀[38;2;0;0;0m[48;2;0;0;0m▀[38;2;0;0;0m[48;2;0;0;0m▀[38;2;0;0;0m[48;2;0;0;0m▀[38;2;0;0;0m[48;2;0;0;0m▀[38;2;0;0;0m[48;2;0;0;0m▀[38;2;0;0;0m[48;2;0;0;0m▀[38;2;0;0;0m[48;2;0;0;0m▀[38;2;0;0;0m[48;2;0;0;0m▀[38;2;0;0;0m[48;2;0;0;0m▀[38;2;0;0;0m[48;2;0;0;0m▀[38;2;0;0;0m[48;2;0;0;0m▀[38;2;0;0;0m[48;2;0;0;0m▀[38;2;0;0;0m[48;2;0;0;0m▀[38;2;0;0;0m[48;2;0;0;0m▀[38;2;0;0;0m[48;2;0;0;0m▀[38;2;0;0;0m[48;2;0;0;0m▀[38;2;0;0;0m[48;2;0;0;0m▀[38;2;0;0;0m[48;2;0;0;0m▀[38;2;0;0;0m[48;2;0;0;0m▀[38;2;0;0;0m[48;2;0;0;0m▀[38;2;0;0;0m[48;2;0;0;0m▀[38;2;0;0;0m[48;2;0;0;0m▀[0m
[38;2;0;0;0m[48;2;0;0;0m▀[38;2;0;0;0m[48;2;0;0;0m▀[38;2;0;0;0m[48;2;0;0;0m▀[38;2;0;0;0m[48;2;0;0;0m▀[38;2;0;0;0m[48;2;0;0;0m▀[38;2;0;0;0m[48;2;0;0;0m▀[38;2;0;0;0m[48;2;0;0;0m▀[38;2;0;0;0m[48;2;0;0;0m▀[38;2;0;0;0m[48;2;0;0;0m▀[38;2;0;0;0m[48;2;0;0;0m▀[38;2;0;0;0m[48;2;0;0;0m▀[38;2;0;0;0m[48;2;0;0;0m▀[38;2;0;0;0m[48;2;0;0;0m▀[38;2;0;0;0m[48;2;0;0;0m▀[38;2;0;0;0m[48;2;0;0;0m▀[38;2;0;0;0m[48;2;0;0;0m▀[38;2;0;0;0m[48;2;0;0;0m▀[38;2;0;0;0m[48;2;0;0;0m▀[38;2;0;0;0m[48;2;0;0;0m▀[38;2;0;0;0m[48;2;0;0;0m▀[38;2;0;0;0m[48;2;0;0;0m▀[38;2;0;0;0m[48;2;0;0;0m▀[38;2;0;0;0m[48;2;0;0;0m▀[38;2;0;0;0m[48;2;0;0;0m▀[38;2;0;0;0m[48;2;0;0;0m▀[38;2;0;0;0m[48;2;0;0;0m▀[38;2;0;0;0m[48;2;0;0;0m▀[38;2;0;0;0m[48;2;0;0;0m▀[38;2;0;0;0m[48;2;0;0;0m▀[38;2;0;0;0m[48;2;0;0;0m▀[38;2;0;0;0m[48;2;0;0;0m▀[38;2;0;0;0m[48;2;0;0;0m▀[38;2;0;0;0m[48;2;0;0;0m▀[38;2;0;0;0m[48;2;0;0;0m▀[38;2;0;0;0m[48;2;0;0;0m▀[38;2;0;0;0m[48;2;0;0;0m▀[38;2;0;0;0m[48;2;0;0;0m▀[38;2;0;0;3m[48;2;0;0;0m▀[38;2;0;0;0m[48;2;0;0;0m▀[38;2;0;0;0m[48;2;0;0;0m▀[38;2;0;0;0m[48;2;0;0;0m▀[38;2;0;0;0m[48;2;0;0;0m▀[38;2;0;0;0m[48;2;0;0;0m▀[38;2;0;0;0m[48;2;0;0;0m▀[38;2;0;0;0m[48;2;0;0;0m▀[38;2;0;0;0m[48;2;0;0;0m▀[38;2;0;0;0m[48;2;0;0;0m▀[38;2;0;0;0m[48;2;0;0;0m▀[38;2;0;0;0m[48;2;0;0;0m▀[38;2;0;0;0m[48;2;0;0;0m▀[38;2;0;0;0m[48;2;0;0;0m▀[38;2;0;0;0m[48;2;0;0;0m▀[38;2;0;0;0m[48;2;0;0;0m▀[38;2;0;0;0m[48;2;0;0;0m▀[38;2;0;0;0m[48;2;0;0;0m▀[38;2;0;0;0m[48;2;0;0;0m▀[38;2;0;0;0m[48;2;0;0;0m▀[38;2;0;0;0m[48;2;0;0;0m▀[38;2;0;0;0m[48;2;0;0;0m▀[38;2;0;0;0m[48;2;0;0;0m▀[38;2;0;0;0m[48;2;0;0;0m▀[38;2;0;0;0m[48;2;0;0;0m▀[38;2;0;0;0m[48;2;0;0;0m▀[38;2;0;0;0m[48;2;0;0;0m▀[38;2;0;0;0m[48;2;0;0;0m▀[38;2;0;0;0m[48;2;0;0;0m▀[38;2;0;0;0m[48;2;0;0;0m▀[38;2;0;0;0m[48;2;0;0;0m▀[38;2;0;0;0m[48;2;0;0;0m▀[38;2;0;0;0m[48;2;0;0;0m▀[38;2;0;0;0m[48;2;0;0;0m▀[38;2;0;0;0m[48;2;0;0;0m▀[38;2;0;0;0m[48;2;0;0;0m▀[38;2;0;0;0m[48;2;0;0;0m▀[38;2;0;0;0m[48;2;0;0;0m▀[38;2;0;0;0m[48;2;0;0;0m▀[38;2;0;0;0m[48;2;0;0;0m▀[38;2;0;0;0m[48;2;0;0;0m▀[38;2;0;0;0m[48;2;0;0;0m▀[38;2;0;0;0m[48;2;0;0;0m▀[0m
[38;2;1;0;0m[48;2;1;0;0m▀[38;2;1;0;0m[48;2;1;0;0m▀[38;2;0;0;0m[48;2;0;0;0m▀[38;2;0;0;0m[48;2;0;0;0m▀[38;2;0;0;0m[48;2;0;0;0m▀[38;2;0;0;0m[48;2;0;0;0m▀[38;2;0;0;0m[48;2;0;0;0m▀[38;2;0;0;0m[48;2;0;0;0m▀[38;2;0;0;0m[48;2;0;0;0m▀[38;2;0;0;0m[48;2;0;0;0m▀[38;2;0;0;0m[48;2;0;0;0m▀[38;2;0;0;0m[48;2;0;0;0m▀[38;2;0;0;0m[48;2;0;0;0m▀[38;2;0;0;0m[48;2;0;0;0m▀[38;2;0;0;0m[48;2;0;0;0m▀[38;2;0;0;0m[48;2;0;0;0m▀[38;2;0;0;0m[48;2;0;0;0m▀[38;2;0;0;0m[48;2;0;0;0m▀[38;2;0;0;0m[48;2;0;0;0m▀[38;2;0;0;0m[48;2;0;0;0m▀[38;2;0;0;0m[48;2;0;0;0m▀[38;2;0;0;0m[48;2;0;0;0m▀[38;2;0;0;0m[48;2;0;0;0m▀[38;2;0;0;0m[48;2;0;0;0m▀[38;2;0;0;0m[48;2;0;0;0m▀[38;2;0;0;0m[48;2;0;0;0m▀[38;2;0;0;0m[48;2;0;0;0m▀[38;2;0;0;0m[48;2;0;0;0m▀[38;2;0;0;0m[48;2;0;0;0m▀[38;2;0;0;0m[48;2;0;0;0m▀[38;2;0;0;0m[48;2;0;0;0m▀[38;2;0;0;0m[48;2;0;0;0m▀[38;2;0;0;0m[48;2;0;0;0m▀[38;2;0;0;0m[48;2;0;0;0m▀[38;2;0;0;0m[48;2;0;0;0m▀[38;2;0;0;0m[48;2;0;0;0m▀[38;2;0;0;0m[48;2;0;0;0m▀[38;2;0;0;0m[48;2;0;0;0m▀[38;2;0;0;0m[48;2;0;0;0m▀[38;2;0;0;0m[48;2;0;0;0m▀[38;2;0;0;0m[48;2;0;0;0m▀[38;2;0;0;0m[48;2;0;0;0m▀[38;2;0;0;0m[48;2;0;0;0m▀[38;2;0;0;0m[48;2;0;0;0m▀[38;2;0;0;0m[48;2;0;0;0m▀[38;2;0;0;0m[48;2;0;0;0m▀[38;2;0;0;0m[48;2;0;0;0m▀[38;2;0;0;0m[48;2;0;0;0m▀[38;2;0;0;0m[48;2;0;0;0m▀[38;2;0;0;0m[48;2;0;0;0m▀[38;2;0;0;0m[48;2;0;0;0m▀[38;2;0;0;0m[48;2;0;0;0m▀[38;2;0;0;0m[48;2;0;0;0m▀[38;2;0;0;0m[48;2;0;0;0m▀[38;2;0;0;0m[48;2;0;0;0m▀[38;2;0;0;0m[48;2;0;0;0m▀[38;2;0;0;0m[48;2;0;0;0m▀[38;2;0;0;0m[48;2;0;0;0m▀[38;2;0;0;0m[48;2;0;0;0m▀[38;2;0;0;0m[48;2;0;0;0m▀[38;2;0;0;0m[48;2;0;0;0m▀[38;2;0;0;0m[48;2;0;0;0m▀[38;2;0;0;0m[48;2;0;0;0m▀[38;2;0;0;0m[48;2;0;0;0m▀[38;2;0;0;0m[48;2;0;0;0m▀[38;2;0;0;0m[48;2;0;0;0m▀[38;2;0;0;0m[48;2;0;0;0m▀[38;2;0;0;0m[48;2;0;0;0m▀[38;2;0;0;0m[48;2;0;0;0m▀[38;2;0;0;0m[48;2;0;0;0m▀[38;2;0;0;0m[48;2;0;0;0m▀[38;2;0;0;0m[48;2;0;0;0m▀[38;2;0;0;0m[48;2;0;0;0m▀[38;2;0;0;0m[48;2;0;0;0m▀[38;2;0;0;0m[48;2;0;0;0m▀[38;2;0;0;0m[48;2;0;0;0m▀[38;2;0;0;0m[48;2;0;0;0m▀[38;2;0;0;0m[48;2;0;0;0m▀[38;2;0;0;0m[48;2;0;0;0m▀[38;2;0;0;0m[48;2;0;0;0m▀[0m
[38;2;1;0;0m[48;2;0;0;0m▀[38;2;1;0;0m[48;2;1;0;0m▀[38;2;1;0;0m[48;2;1;0;0m▀[38;2;1;0;0m[48;2;1;0;0m▀[38;2;0;0;0m[48;2;0;0;0m▀[38;2;0;0;0m[48;2;0;0;0m▀[38;2;0;0;0m[48;2;0;0;0m▀[38;2;0;0;0m[48;2;0;0;0m▀[38;2;0;0;0m[48;2;0;0;0m▀[38;2;0;0;0m[48;2;0;0;0m▀[38;2;0;0;0m[48;2;0;0;0m▀[38;2;0;0;0m[48;2;0;0;0m▀[38;2;0;0;0m[48;2;0;0;0m▀[38;2;0;0;0m[48;2;0;0;0m▀[38;2;0;0;0m[48;2;0;0;0m▀[38;2;0;0;0m[48;2;0;0;0m▀[38;2;0;0;0m[48;2;0;0;0m▀[38;2;0;0;0m[48;2;0;0;0m▀[38;2;0;0;0m[48;2;0;0;0m▀[38;2;0;0;0m[48;2;0;0;0m▀[38;2;0;0;0m[48;2;0;0;0m▀[38;2;0;0;0m[48;2;0;0;0m▀[38;2;0;0;0m[48;2;0;0;0m▀[38;2;0;0;0m[48;2;0;0;0m▀[38;2;0;0;0m[48;2;0;0;0m▀[38;2;0;0;0m[48;2;0;0;0m▀[38;2;0;0;0m[48;2;0;0;0m▀[38;2;0;0;0m[48;2;0;0;0m▀[38;2;0;0;0m[48;2;0;0;0m▀[38;2;0;0;0m[48;2;0;0;0m▀[38;2;0;0;0m[48;2;0;0;0m▀[38;2;0;0;0m[48;2;0;0;0m▀[38;2;0;0;0m[48;2;0;0;0m▀[38;2;0;0;0m[48;2;0;0;0m▀[38;2;0;0;0m[48;2;0;0;0m▀[38;2;0;0;0m[48;2;0;0;0m▀[38;2;0;0;0m[48;2;0;0;0m▀[38;2;0;0;0m[48;2;0;0;0m▀[38;2;0;0;0m[48;2;0;0;0m▀[38;2;0;0;0m[48;2;0;0;0m▀[38;2;0;0;0m[48;2;0;0;0m▀[38;2;0;0;0m[48;2;0;0;0m▀[38;2;0;0;0m[48;2;1;1;1m▀[38;2;0;0;0m[48;2;1;0;1m▀[38;2;0;0;0m[48;2;0;0;0m▀[38;2;0;0;0m[48;2;0;0;0m▀[38;2;0;0;0m[48;2;0;0;0m▀[38;2;0;0;0m[48;2;0;0;0m▀[38;2;0;0;0m[48;2;0;0;0m▀[38;2;0;0;0m[48;2;0;0;1m▀[38;2;0;0;0m[48;2;1;0;1m▀[38;2;0;0;0m[48;2;0;0;0m▀[38;2;0;0;0m[48;2;0;0;0m▀[38;2;0;0;0m[48;2;0;0;0m▀[38;2;0;0;0m[48;2;0;0;0m▀[38;2;0;0;0m[48;2;0;0;0m▀[38;2;0;0;0m[48;2;0;0;0m▀[38;2;0;0;0m[48;2;0;0;0m▀[38;2;0;0;0m[48;2;0;0;0m▀[38;2;0;0;0m[48;2;0;0;0m▀[38;2;0;0;0m[48;2;0;0;0m▀[38;2;0;0;0m[48;2;0;0;0m▀[38;2;0;0;0m[48;2;0;0;0m▀[38;2;0;0;0m[48;2;0;0;0m▀[38;2;0;0;0m[48;2;0;0;0m▀[38;2;0;0;0m[48;2;0;0;0m▀[38;2;0;0;0m[48;2;0;0;0m▀[38;2;0;0;0m[48;2;0;0;0m▀[38;2;0;0;0m[48;2;0;0;0m▀[38;2;0;0;0m[48;2;0;0;0m▀[38;2;0;0;0m[48;2;0;0;0m▀[38;2;0;0;0m[48;2;0;0;0m▀[38;2;0;0;0m[48;2;0;0;0m▀[38;2;0;0;0m[48;2;0;0;0m▀[38;2;0;0;0m[48;2;0;0;0m▀[38;2;0;0;0m[48;2;0;0;0m▀[38;2;0;0;0m[48;2;0;0;0m▀[38;2;0;0;0m[48;2;0;0;0m▀[38;2;0;0;0m[48;2;0;0;0m▀[38;2;0;0;0m[48;2;0;0;0m▀[0m
